732 358
733 359
733 360
734 361
734 362
735 363
735 364
735 365
736 366
736 367
737 368
737 369
738 370
739 371
740 372
741 372
742 373
743 373
744 374
745 375
746 376
747 377
748 378
749 379
750 380
751 381
752 381
753 382
754 382
755 383
756 383
757 384
758 384
759 385
760 385
761 386
762 386
763 386
764 387
765 387
766 387
767 388
768 388
769 388
770 389
771 389
772 389
773 389
774 390
775 390
776 390
777 390
778 390
779 390
780 389
781 389
782 389
783 389
784 389
785 388
786 388
787 388
788 387
789 387
790 386
791 386
792 385
793 385
794 385
795 385
796 386
797 386
798 387
799 388
800 388
801 389
802 389
803 390
804 390
805 390
806 390
807 390
808 391
809 391
810 391
811 392
812 392
813 393
814 393
815 394
816 394
817 394
818 394
819 395
820 395
821 395
822 395
823 396
824 396
825 396
826 397
827 397
828 397
829 397
830 397
831 397
832 397
833 397
834 397
835 397
836 397
837 398
838 398
839 398
840 398
841 398
842 398
843 399
844 399
845 399
846 399
847 399
848 399
849 398
850 398
851 398
852 398
853 397
854 397
855 397
856 397
857 396
858 396
859 396
860 396
861 395
862 395
863 394
864 394
865 393
866 392
867 392
868 392
869 391
870 391
871 391
872 391
873 391
874 391
875 391
876 390
877 390
878 389
879 389
880 388
881 388
882 387
883 387
884 387
885 387
886 387
887 387
888 387
889 387
890 387
891 387
892 388
893 388
894 388
895 388
896 388
897 388
898 388
899 388
900 387
901 387
902 386
903 386
904 385
905 385
906 384
907 383
908 382
909 381
909 380
910 379
911 379
912 379
913 379
914 379
915 379
916 379
917 379
918 378
919 378
920 377
921 377
922 377
923 376
924 376
925 376
926 376
927 376
928 377
929 377
929 378
930 379
930 380
930 381
930 382
930 383
931 384
931 385
932 386
932 387
933 388
934 389
935 390
936 391
937 391
938 392
939 392
940 393
941 393
942 393
943 393
944 393
945 393
946 393
947 394
948 394
949 395
950 396
951 396
952 397
953 397
954 398
955 398
956 398
957 398
958 398
959 397
960 397
961 397
962 397
963 397
964 397
965 397
966 397
967 397
968 397
969 397
970 396
971 396
972 396
973 397
974 398
975 399
976 399
977 400
978 400
979 401
980 401
981 401
982 401
983 401
984 401
985 401
986 401
987 401
988 401
989 402
990 402
991 403
992 403
993 403
994 403
995 403
996 403
997 403
998 403
999 403
1000 402
1001 402
1002 403
1003 403
1004 404
1004 405
1005 406
1006 407
1007 408
1007 409
1008 410
1008 411
1008 412
1008 413
1008 414
1008 415
1009 416
1009 417
1010 418
1010 419
1011 420
1012 421
1013 422
1014 422
1015 423
1016 423
1017 424
1018 424
1019 424
1020 425
1021 425
1022 425
1023 425
1024 426
1025 426
1026 426
1027 427
1028 427
1029 427
1030 427
1031 427
1032 427
1033 427
1034 427
1035 427
1036 427
1037 428
1038 428
1039 428
1040 429
1041 430
1041 431
1042 432
1043 433
1044 434
1045 435
1046 436
1047 437
1048 438
1049 438
1050 439
1051 440
1052 440
1053 441
1054 441
1055 442
1056 442
1057 443
1058 443
1059 444
1060 445
1061 445
1062 446
1063 447
1064 448
1064 449
1065 450
1065 451
1065 452
1065 453
1065 454
1065 455
1066 456
1066 457
1067 458
1067 459
1068 460
1069 461
1070 462
1071 463
1072 464
1073 464
1074 465
1075 466
1076 466
1077 467
1078 467
1079 468
1080 468
1081 469
1082 469
1083 470
1084 470
1085 471
1086 472
1087 472
1088 473
1089 473
1090 474
1091 474
1092 475
1093 475
1094 476
1095 476
1096 477
1097 478
1098 479
1098 480
1098 481
1098 482
1099 483
1099 484
1100 485
1100 486
1101 487
1102 488
1103 489
1104 490
1105 490
1106 491
1107 491
1108 492
1109 492
1110 493
1111 493
1112 493
1113 493
1114 493
1115 493
1116 493
1117 493
1118 493
1119 493
1120 493
1121 493
1122 494
1123 494
1124 495
1125 495
1126 496
1126 497
1126 498
1126 499
1126 500
1125 501
1124 502
1123 502
1122 502
1121 503
1120 503
1119 504
1118 504
1117 505
1116 506
1115 507
1114 508
1113 509
1113 510
1112 511
1112 512
1111 513
1111 514
1111 515
1111 516
1111 517
1111 518
1112 519
1112 520
1113 521
1113 522
1114 523
1115 524
1116 525
1117 526
1118 526
1119 527
1120 527
1121 528
1122 528
1123 529
1124 529
1125 529
1126 530
1127 530
1128 530
1129 531
1130 531
1131 531
1132 531
1133 531
1134 532
1135 532
1136 532
1137 532
1138 532
1139 533
1140 533
1141 533
1142 533
1143 534
1144 534
1145 534
1146 534
1147 535
1148 535
1149 536
1150 537
1150 538
1149 539
1149 540
1149 541
1149 542
1149 543
1149 544
1149 545
1150 546
1150 547
1151 548
1151 549
1152 550
1153 551
1154 552
1155 553
1156 554
1157 554
1158 555
1158 556
1158 557
1157 558
1157 559
1156 560
1156 561
1156 562
1156 563
1156 564
1156 565
1157 566
1157 567
1158 568
1158 569
1159 570
1159 571
1159 572
1159 573
1158 573
1157 574
1156 574
1155 574
1154 573
1153 573
1152 573
1151 572
1150 572
1149 572
1148 572
1147 572
1146 572
1145 573
1144 573
1143 574
1142 574
1141 575
1140 576
1139 577
1139 578
1138 579
1138 580
1137 581
1137 582
1136 583
1136 584
1136 585
1136 586
1135 587
1134 587
1133 588
1132 588
1131 588
1130 588
1129 589
1128 589
1127 589
1126 590
1125 590
1124 591
1123 591
1122 591
1121 591
1120 591
1119 591
1118 591
1117 592
1116 592
1115 593
1114 593
1113 594
1112 595
1111 596
1110 597
1109 598
1108 599
1108 600
1107 601
1106 602
1105 602
1104 602
1103 602
1102 602
1101 603
1100 602
1099 602
1098 602
1097 602
1096 602
1095 602
1094 601
1093 601
1092 601
1091 600
1090 600
1089 600
1088 599
1087 599
1086 599
1085 599
1084 598
1083 598
1082 598
1081 598
1080 598
1079 598
1078 598
1077 598
1076 598
1075 598
1074 598
1073 598
1072 599
1071 599
1070 599
1069 600
1068 600
1067 601
1066 601
1065 602
1064 602
1063 603
1062 603
1061 604
1060 604
1059 605
1058 605
1057 606
1056 607
1055 608
1054 608
1053 609
1052 609
1051 609
1050 609
1049 609
1048 609
1047 609
1046 609
1045 609
1044 609
1043 609
1042 609
1041 609
1040 610
1039 610
1038 611
1037 611
1036 612
1035 612
1034 613
1033 614
1032 615
1031 615
1030 616
1029 617
1028 618
1027 619
1026 620
1025 621
1025 622
1024 623
1023 623
1022 624
1021 624
1020 624
1019 625
1018 625
1017 625
1016 625
1015 626
1014 626
1013 626
1012 626
1011 627
1010 627
1009 627
1008 628
1007 628
1006 629
1005 629
1004 630
1003 631
1002 632
1001 633
1000 634
999 634
998 634
997 634
996 634
995 634
994 634
993 634
992 635
991 635
990 635
989 636
988 636
987 637
986 637
985 638
984 639
983 640
982 641
982 642
981 643
980 644
979 645
978 646
977 647
976 647
975 647
974 647
973 647
972 647
972 646
971 645
971 644
970 643
969 642
968 641
967 640
966 639
965 638
964 637
963 637
962 636
961 636
960 635
959 635
958 635
957 635
956 635
955 635
954 636
953 636
952 636
951 636
950 636
949 636
948 637
947 637
946 637
945 637
944 637
943 637
942 637
941 637
940 637
939 637
938 637
937 637
936 638
935 638
934 639
933 639
932 640
931 640
930 641
929 641
928 642
927 642
926 643
925 643
924 644
923 645
922 646
921 647
920 647
919 648
918 648
917 649
916 650
915 651
914 652
913 653
912 653
911 653
910 653
909 653
908 652
907 651
906 650
905 649
904 648
903 647
903 646
902 645
902 644
901 643
900 642
899 641
898 641
897 640
896 640
895 639
894 639
893 639
892 639
891 639
890 639
889 639
888 639
887 639
886 638
885 638
884 637
883 637
882 636
881 636
880 636
879 636
878 636
877 637
876 637
875 637
874 637
873 637
872 637
871 637
870 638
869 638
868 639
867 639
866 640
865 641
864 642
863 643
862 643
861 644
860 644
859 644
858 644
857 644
856 644
855 644
854 644
853 644
852 643
851 643
850 643
849 642
848 642
847 642
846 642
845 642
844 642
843 642
842 642
841 642
840 642
839 642
838 642
837 642
836 642
835 643
834 643
833 644
832 644
831 644
830 645
829 645
828 645
827 646
826 646
825 646
824 646
823 646
822 647
821 647
820 647
819 647
818 647
817 648
816 648
815 649
814 649
813 650
812 651
811 651
810 652
809 652
808 652
807 653
806 653
805 653
804 654
803 654
802 655
801 655
800 655
799 656
798 656
797 656
796 657
795 657
794 658
793 658
792 659
791 659
790 660
789 661
788 662
787 663
786 664
785 664
784 664
783 664
782 664
781 664
780 664
779 664
778 664
777 664
776 664
775 664
774 665
773 665
772 666
771 666
770 667
769 667
768 668
767 668
766 669
765 670
764 671
763 671
762 671
761 672
760 672
759 672
758 672
757 672
756 672
755 672
754 672
753 673
752 673
751 673
750 674
749 674
748 674
747 674
746 674
745 674
744 675
743 675
742 675
741 676
740 676
739 677
738 677
737 678
736 679
735 680
734 681
733 682
733 683
732 684
732 685
731 686
731 687
730 688
730 689
730 690
729 691
728 692
728 693
727 694
727 695
726 696
726 697
726 698
726 699
726 700
726 701
726 702
726 703
725 704
725 705
724 705
723 704
723 703
722 702
722 701
721 700
721 699
720 698
719 697
718 696
717 695
716 695
715 694
714 694
713 693
712 693
711 693
710 693
709 693
708 693
707 693
706 694
705 694
704 695
703 695
702 696
701 696
700 696
699 697
698 697
697 698
696 698
695 699
694 699
693 700
692 701
691 701
690 701
689 701
688 701
687 702
686 702
685 702
684 702
683 703
682 703
681 703
680 704
679 704
678 704
677 705
676 705
675 706
674 706
673 707
672 708
671 709
670 710
669 710
668 710
667 711
666 711
665 711
664 712
663 712
662 713
661 713
660 714
659 715
658 715
657 715
656 715
655 715
654 715
653 715
652 715
651 716
650 716
649 716
648 717
647 717
646 718
645 718
644 719
643 720
642 721
641 721
640 722
639 723
638 723
637 723
636 724
635 724
634 724
633 724
632 725
631 725
630 725
629 725
628 725
627 726
626 726
625 726
624 726
623 727
622 727
621 727
620 728
619 728
618 728
617 729
616 729
615 729
614 729
613 730
612 730
611 730
610 731
609 731
608 731
607 732
606 732
605 732
604 733
603 733
602 733
601 734
600 734
599 735
598 735
597 736
596 736
595 737
594 737
593 738
592 738
591 739
590 740
589 740
588 741
587 741
586 741
585 742
584 742
583 742
582 742
581 741
580 741
579 740
578 740
577 739
576 738
575 737
574 736
573 736
572 735
571 735
570 734
569 734
568 733
567 733
566 732
565 732
564 732
563 731
562 731
561 730
560 730
559 729
558 729
557 728
556 728
555 728
554 728
553 728
552 728
551 728
550 728
549 728
548 727
547 727
546 727
545 726
544 725
543 724
543 723
542 722
541 721
540 720
539 719
538 719
537 718
536 717
535 716
534 715
533 715
532 714
531 714
530 713
529 713
528 712
527 712
526 711
525 711
524 710
523 709
522 708
521 708
520 707
519 707
518 706
517 706
516 705
515 705
514 704
513 704
512 703
511 703
510 703
509 702
508 702
507 702
506 701
505 701
504 701
503 701
502 701
501 701
500 701
499 701
498 700
497 700
496 700
495 700
494 700
493 699
492 699
491 698
490 698
489 697
488 697
487 697
486 696
485 696
484 696
483 695
482 695
481 695
480 694
479 694
478 693
477 693
476 693
475 692
474 692
473 692
472 692
471 692
470 692
469 692
468 692
467 692
466 691
465 691
464 690
463 689
462 689
461 688
460 687
459 686
458 685
457 685
456 684
455 684
454 683
453 683
452 683
451 683
450 682
449 682
448 682
447 682
446 681
445 681
444 681
443 680
442 680
441 680
440 680
439 679
438 679
437 679
436 679
435 678
434 678
433 678
432 678
431 678
430 678
429 678
428 678
427 678
426 678
425 678
424 677
423 677
422 676
421 676
420 675
419 675
418 675
417 675
416 675
415 674
414 674
413 674
412 673
411 673
410 673
409 673
408 672
407 672
406 672
405 672
404 672
403 671
402 671
401 671
400 671
399 671
398 671
397 670
396 670
395 670
394 670
393 670
392 670
391 669
390 669
389 669
388 669
387 669
386 669
385 669
384 668
383 668
382 668
381 668
380 668
379 668
378 668
377 668
376 668
375 668
374 668
373 668
372 668
371 668
370 668
369 668
368 668
367 668
366 668
365 668
364 667
363 667
362 667
361 667
360 667
359 667
358 667
357 668
356 668
355 668
354 668
353 667
352 667
351 667
350 667
349 667
348 666
347 666
346 666
345 666
344 666
343 666
342 666
341 666
340 666
339 666
338 667
337 667
336 668
335 668
334 669
333 670
332 671
332 672
331 673
331 674
330 675
330 676
330 677
330 678
330 679
330 680
330 681
330 682
330 683
329 684
329 685
328 686
327 687
326 688
325 689
324 690
323 690
322 690
321 690
320 690
319 690
318 690
317 690
316 689
315 689
314 689
313 688
312 688
311 688
310 688
309 687
308 687
307 687
306 687
305 687
304 687
303 687
302 687
301 687
300 687
299 687
298 687
297 687
296 687
295 686
294 686
293 685
292 685
291 684
290 684
289 683
288 683
287 682
286 682
285 682
284 682
283 682
282 682
281 682
280 682
279 682
278 682
277 682
276 681
275 681
274 681
273 681
272 680
271 680
270 679
269 679
268 679
267 679
266 679
265 679
264 679
263 679
262 679
261 679
260 679
259 678
258 677
257 676
256 675
255 674
254 674
253 673
252 672
251 671
250 671
249 670
248 670
247 669
246 669
245 669
244 669
243 669
242 669
241 669
240 669
239 669
238 669
237 670
236 670
235 670
234 670
233 670
232 670
231 670
230 670
229 670
228 670
227 671
226 671
225 672
224 672
223 673
222 674
221 675
220 676
219 677
218 678
217 679
217 680
216 681
216 682
215 683
215 684
215 685
215 686
215 687
215 688
214 689
213 690
212 690
211 691
210 691
209 691
208 692
207 692
206 692
205 692
204 692
203 692
202 692
201 692
200 692
199 691
198 691
197 691
196 691
195 691
194 691
193 691
192 691
191 691
190 691
189 691
188 692
187 692
186 692
185 692
184 692
183 692
182 692
181 692
180 692
179 692
178 693
177 693
176 693
175 692
174 692
173 692
172 691
171 691
170 690
169 690
168 689
167 689
166 688
165 688
164 688
163 688
162 688
161 688
160 688
159 688
158 688
157 687
156 687
155 686
154 686
153 686
152 686
151 686
150 686
149 687
148 687
147 687
146 687
145 687
144 687
143 687
142 687
141 686
140 686
139 686
138 686
137 686
136 686
135 686
134 686
133 686
132 687
131 687
130 687
129 687
128 687
127 687
126 687
125 687
124 688
123 688
122 689
121 689
120 690
119 690
118 691
117 692
116 693
115 693
114 694
113 695
112 696
111 696
110 696
109 696
108 695
108 694
107 693
107 692
106 691
106 690
105 689
105 688
105 687
105 686
105 685
105 684
106 683
106 682
106 681
106 680
106 679
106 678
106 677
105 676
105 675
104 674
104 673
103 672
103 671
102 670
102 669
102 668
101 667
101 666
101 665
100 664
100 663
99 662
99 661
98 660
98 659
98 658
99 657
99 656
100 655
101 654
102 653
103 652
104 651
105 650
105 649
106 648
106 647
107 646
107 645
107 644
107 643
107 642
107 641
107 640
106 639
106 638
105 637
105 636
104 635
103 634
102 633
101 632
100 631
99 630
99 629
98 628
97 627
97 626
96 625
96 624
96 623
97 622
97 621
97 620
97 619
97 618
97 617
97 616
98 615
98 614
99 613
100 612
101 612
102 612
103 611
104 611
105 610
106 610
107 609
108 609
109 608
110 607
111 607
112 606
113 606
114 605
115 605
116 605
117 604
118 604
119 604
120 603
121 603
122 603
123 602
124 602
125 601
126 601
127 600
128 599
129 598
130 598
131 597
132 596
133 595
133 594
134 593
134 592
135 591
135 590
135 589
135 588
135 587
135 586
135 585
136 585
137 584
138 583
139 582
140 581
141 580
141 579
142 578
143 577
144 576
145 575
146 574
146 573
147 572
148 572
149 573
150 574
151 574
152 575
153 575
154 576
155 576
156 576
157 576
158 577
159 577
160 577
161 577
162 577
163 577
164 576
165 576
166 576
167 576
168 576
169 575
170 575
171 575
172 575
173 575
174 574
175 574
176 573
177 573
178 573
179 573
180 573
181 573
182 574
183 575
184 576
185 577
186 578
187 578
188 579
189 579
190 580
191 580
192 580
193 580
194 580
195 581
196 581
197 581
198 581
199 582
200 582
201 582
202 582
203 582
204 582
205 582
206 582
207 582
208 582
209 582
210 582
211 582
212 582
213 582
214 582
215 582
216 581
217 581
218 581
219 581
220 581
221 580
222 580
223 580
224 579
225 579
226 578
227 578
228 577
229 577
230 577
231 576
232 576
233 576
234 576
235 575
236 575
237 575
238 575
239 574
240 574
241 573
242 573
243 573
244 573
245 573
246 572
247 572
248 572
249 572
250 572
251 572
252 571
253 571
254 571
255 571
256 570
257 570
258 569
259 569
260 569
261 568
262 568
263 568
264 567
265 567
266 567
267 567
268 566
269 566
270 566
271 566
272 566
273 565
274 565
275 565
276 564
277 564
278 564
279 563
280 563
281 563
282 563
283 562
284 562
285 562
286 561
287 561
288 560
289 560
290 559
291 558
292 557
293 557
294 556
295 556
296 555
297 555
298 555
299 554
300 554
301 554
302 553
303 553
304 552
305 552
306 551
307 550
308 549
309 548
309 547
310 546
311 545
312 544
313 543
314 543
315 542
316 542
317 542
318 542
319 541
320 541
321 541
322 541
323 540
324 540
325 540
326 539
327 539
328 539
329 538
330 538
331 537
332 537
333 537
334 536
335 536
336 535
337 535
338 534
339 533
340 532
341 531
341 530
342 529
342 528
343 527
343 526
343 525
343 524
343 523
343 522
343 521
343 520
343 519
344 518
345 518
346 517
347 517
348 517
349 516
350 516
351 515
352 515
353 514
354 513
355 512
355 511
356 510
356 509
357 508
357 507
357 506
357 505
357 504
356 503
356 502
355 501
355 500
355 499
356 498
357 497
357 496
358 495
358 494
359 493
359 492
359 491
359 490
359 489
360 488
360 487
361 486
361 485
361 484
361 483
361 482
360 481
360 480
360 479
361 478
361 477
362 476
363 475
364 474
365 474
366 474
367 473
368 473
369 473
370 473
371 473
372 473
373 473
374 473
375 473
376 473
377 473
378 472
379 472
380 472
381 472
382 472
383 471
384 471
385 471
386 471
387 470
388 470
389 470
390 469
391 469
392 469
393 468
394 468
395 468
396 467
397 467
398 467
399 466
400 466
401 466
402 466
403 465
404 465
405 465
406 465
407 464
408 464
409 463
410 463
411 463
412 462
413 462
414 462
415 462
416 461
417 461
418 461
419 460
420 460
421 460
422 459
423 459
424 459
425 458
426 458
427 457
428 457
429 457
430 456
431 456
432 455
433 455
434 454
435 454
436 453
437 453
438 452
439 452
440 451
441 450
442 450
443 449
444 448
445 448
446 447
447 446
448 445
449 444
450 443
451 442
452 442
453 441
454 441
455 440
456 440
457 439
458 439
459 438
460 437
461 436
462 435
462 434
463 433
463 432
464 431
465 430
466 429
467 428
468 428
469 428
470 428
471 427
472 427
473 427
474 427
475 427
476 427
477 426
478 426
479 426
480 425
481 425
482 425
483 424
484 424
485 424
486 423
487 423
488 422
489 422
490 421
491 421
492 420
493 420
494 419
495 419
496 419
497 419
498 418
499 418
500 418
501 418
502 417
503 417
504 417
505 416
506 416
507 416
508 415
509 415
510 414
511 414
512 413
513 413
514 412
515 412
516 411
517 411
518 410
519 410
520 409
521 409
522 408
523 408
524 407
525 407
526 406
527 406
528 405
529 405
530 404
531 404
532 403
533 403
534 402
535 402
536 401
537 401
538 400
539 400
540 399
541 398
542 398
543 397
544 397
545 396
546 395
547 395
548 394
549 393
550 393
551 392
552 391
553 390
554 390
555 389
556 388
557 388
558 387
559 386
560 386
561 385
562 384
563 384
564 383
565 383
566 382
567 382
568 381
569 381
570 380
571 380
572 379
573 378
574 377
575 377
576 376
577 375
578 375
579 374
580 374
581 374
582 373
583 373
584 373
585 373
586 374
587 375
587 376
587 377
587 378
587 379
587 380
587 381
588 382
588 383
589 384
589 385
590 386
591 387
592 388
593 389
594 389
595 390
596 390
597 391
598 391
599 391
600 391
601 391
602 391
603 391
604 391
605 390
606 390
607 389
608 389
609 389
610 388
611 388
612 388
613 388
614 388
615 388
616 388
617 388
618 388
619 388
620 389
621 390
622 390
623 391
624 392
625 392
626 393
627 393
628 394
629 394
630 395
631 395
632 396
633 396
634 397
635 397
636 398
637 399
638 399
639 400
640 400
641 401
642 401
643 401
644 401
645 401
646 401
647 401
648 400
649 400
650 401
651 401
652 401
653 401
654 401
655 401
656 401
657 400
658 400
659 400
660 399
661 399
662 399
663 398
664 398
665 397
666 397
667 396
668 395
669 395
670 394
671 394
672 393
673 393
674 392
675 392
676 391
677 391
678 390
679 390
680 390
681 390
682 389
683 389
684 389
685 388
686 388
687 388
688 387
689 387
690 386
691 386
692 385
693 385
694 384
695 384
696 383
697 383
698 382
699 382
700 381
701 381
702 380
703 380
704 379
705 379
706 378
707 377
708 376
709 376
710 376
711 376
712 376
713 376
714 376
715 376
716 375
717 375
718 374
719 374
720 373
721 372
722 371
723 370
723 369
724 368
725 367
725 366
726 365
726 364
727 363
727 362
727 361
728 360
729 359
730 358
731 358