823 271
824 272
825 272
826 272
827 273
828 273
829 274
830 274
831 275
832 275
832 276
833 277
833 278
833 279
832 280
832 281
832 282
832 283
832 284
832 285
832 286
833 287
833 288
834 289
834 290
835 291
836 292
837 293
838 294
839 295
840 296
841 297
842 298
843 298
844 299
845 299
846 300
847 300
848 301
849 301
850 301
851 302
852 302
853 303
854 303
855 303
856 304
857 305
857 306
857 307
857 308
856 309
856 310
855 311
854 312
853 313
852 314
851 315
850 316
849 317
848 318
847 319
846 320
845 321
844 322
843 323
843 324
842 325
842 326
841 327
841 328
841 329
840 330
840 331
839 332
838 333
837 333
836 334
835 334
834 334
833 335
832 335
831 336
830 336
829 337
828 337
827 338
826 338
825 339
824 339
823 340
822 341
821 342
820 343
820 344
819 345
818 346
817 346
816 347
815 348
814 349
813 350
812 351
811 352
810 353
809 354
808 354
807 355
806 356
805 357
804 358
803 359
802 359
801 360
800 360
799 361
798 361
797 362
796 363
795 364
794 365
793 366
792 367
791 367
790 368
789 368
788 369
787 369
786 370
785 371
784 371
783 372
782 373
781 374
780 375
779 376
778 377
777 378
777 379
776 380
776 381
775 382
775 383
774 384
774 385
773 386
772 387
772 388
771 389
771 390
770 391
770 392
770 393
770 394
770 395
770 396
771 397
771 398
772 399
772 400
773 401
774 402
775 403
775 404
776 405
776 406
776 407
777 408
777 409
778 410
778 411
779 412
780 413
781 414
782 414
783 415
784 415
785 416
786 416
787 417
788 417
789 418
790 418
791 419
792 420
793 421
794 421
795 422
796 423
796 424
795 425
794 426
793 427
792 428
791 429
791 430
790 431
790 432
789 433
789 434
789 435
789 436
789 437
789 438
790 439
790 440
791 441
791 442
791 443
790 444
789 445
788 446
787 447
786 447
785 448
784 448
783 449
782 449
781 450
780 451
779 452
778 453
778 454
777 455
777 456
776 457
776 458
776 459
776 460
776 461
776 462
777 463
777 464
778 465
778 466
779 467
780 468
780 469
779 470
778 471
777 472
777 473
776 474
776 475
775 476
775 477
775 478
774 479
774 480
774 481
773 482
773 483
773 484
773 485
773 486
774 487
774 488
775 489
775 490
776 491
777 492
778 493
779 494
780 495
781 496
782 497
783 498
783 499
783 500
783 501
783 502
783 503
783 504
783 505
783 506
783 507
783 508
783 509
783 510
783 511
783 512
783 513
783 514
783 515
782 516
782 517
782 518
782 519
782 520
782 521
783 522
783 523
783 524
784 525
784 526
784 527
784 528
784 529
784 530
784 531
783 532
782 533
782 534
781 535
781 536
780 537
780 538
779 539
779 540
779 541
779 542
779 543
780 544
780 545
781 546
781 547
782 548
783 549
783 550
783 551
782 552
782 553
781 554
780 555
779 556
778 557
777 557
776 558
775 558
774 559
773 559
772 560
771 560
770 560
769 561
768 561
767 561
766 561
765 561
764 561
763 561
762 561
761 561
760 561
759 561
758 561
757 561
756 562
755 562
754 563
753 563
752 564
751 564
750 565
749 566
748 567
747 568
746 569
745 570
745 571
744 572
743 573
743 574
742 575
742 576
741 577
741 578
741 579
741 580
741 581
740 582
740 583
739 584
738 584
737 584
736 584
735 584
734 585
733 585
732 586
731 586
730 587
729 588
728 589
727 590
726 591
725 592
724 593
724 594
723 595
723 596
722 597
722 598
721 599
721 600
720 601
719 601
718 602
717 602
716 603
715 604
714 604
713 605
712 606
711 607
710 608
709 608
708 609
707 609
706 610
705 610
704 611
703 611
702 612
701 612
700 612
699 612
698 612
697 612
696 613
695 613
694 614
693 614
692 615
691 616
690 617
689 618
689 619
688 620
688 621
687 622
687 623
687 624
687 625
686 626
686 627
686 628
686 629
686 630
686 631
685 632
685 633
684 634
683 634
682 634
681 634
680 634
679 634
678 634
677 634
676 634
675 634
674 634
673 634
672 635
671 635
670 636
669 636
668 637
667 637
666 637
665 637
664 638
663 638
662 639
661 639
660 640
659 641
658 642
658 643
657 644
657 645
656 646
656 647
655 648
654 648
653 648
652 648
651 647
650 647
649 646
648 646
647 646
646 645
645 645
644 644
643 644
642 643
641 643
640 642
639 642
638 642
637 642
636 642
635 642
634 643
633 643
632 644
631 644
630 645
629 646
628 646
627 647
626 648
625 649
624 650
623 651
623 652
622 653
622 654
621 655
621 656
620 657
620 658
619 659
618 660
617 661
616 662
615 663
614 664
613 665
613 666
612 667
612 668
611 669
610 670
609 671
608 672
607 673
607 674
606 675
606 676
605 677
605 678
605 679
605 680
605 681
605 682
605 683
605 684
605 685
605 686
605 687
604 688
604 689
603 690
603 691
602 692
602 693
602 694
602 695
602 696
602 697
603 698
603 699
603 700
603 701
604 702
604 703
604 704
605 705
605 706
605 707
605 708
604 709
603 710
603 711
602 712
601 713
601 714
600 714
599 715
598 715
597 715
596 715
595 716
594 716
593 716
592 716
591 716
590 716
589 717
588 717
587 717
586 717
585 717
584 717
583 717
582 717
581 717
580 718
579 718
578 718
577 718
576 718
575 719
574 719
573 720
572 720
571 721
570 722
569 723
568 724
568 725
567 726
567 727
566 728
566 729
566 730
566 731
566 732
566 733
566 734
566 735
566 736
566 737
566 738
566 739
566 740
565 741
565 742
564 743
563 744
562 745
561 746
561 747
560 748
560 749
559 750
559 751
559 752
559 753
559 754
558 755
558 756
558 757
558 758
557 759
556 760
555 760
554 761
553 761
552 762
551 763
550 763
549 763
548 763
547 763
546 763
545 764
544 764
543 765
542 765
541 766
540 767
539 768
539 769
538 770
538 771
537 772
537 773
537 774
537 775
537 776
538 777
538 778
538 779
538 780
538 781
538 782
538 783
538 784
538 785
538 786
538 787
538 788
538 789
539 790
539 791
539 792
539 793
539 794
538 795
538 796
537 797
537 798
536 799
535 800
534 801
533 802
532 803
531 804
530 804
529 805
528 806
527 807
526 808
526 809
525 810
524 811
523 811
522 812
521 812
520 812
519 812
518 812
517 812
516 813
515 813
514 814
513 814
512 814
511 814
510 814
509 814
508 813
507 813
506 812
505 812
504 811
503 811
502 810
501 810
500 810
499 810
498 810
497 810
496 810
495 810
494 810
493 810
492 810
491 810
490 810
489 810
488 810
487 810
486 810
485 811
484 811
483 811
482 812
481 811
480 811
479 810
478 809
477 808
476 807
475 806
474 806
473 805
472 805
471 804
470 804
469 804
468 804
467 804
466 804
465 804
464 804
463 805
462 805
461 805
460 806
459 806
458 807
457 807
456 808
455 808
454 809
453 810
452 810
451 811
450 812
449 813
448 813
447 814
446 814
445 815
444 816
443 816
442 817
441 818
440 818
439 819
438 820
437 821
436 822
435 823
434 824
433 825
432 826
431 827
430 827
429 828
428 829
427 830
426 831
426 832
425 833
425 834
424 835
424 836
424 837
424 838
424 839
423 840
423 841
423 842
422 843
421 843
420 843
419 842
418 841
417 840
416 839
415 838
414 838
413 837
412 837
411 836
410 836
409 836
408 836
407 836
406 836
405 836
404 836
403 836
402 836
401 836
400 837
399 837
398 838
397 838
396 838
395 838
394 839
393 839
392 839
391 839
390 840
389 840
388 840
387 840
386 841
385 841
384 842
383 842
382 842
381 843
380 843
379 842
378 842
377 842
376 841
375 840
374 839
373 838
372 837
372 836
371 835
371 834
370 833
370 832
369 831
368 830
367 829
366 828
366 827
366 826
366 825
366 824
367 823
367 822
367 821
367 820
367 819
367 818
366 817
366 816
365 815
365 814
364 813
364 812
364 811
364 810
364 809
364 808
364 807
364 806
364 805
364 804
363 803
363 802
362 801
362 800
361 799
360 798
360 797
359 796
358 795
357 794
356 794
355 793
354 792
354 791
354 790
355 789
356 788
357 787
357 786
358 785
358 784
359 783
359 782
359 781
359 780
359 779
359 778
360 777
360 776
360 775
360 774
361 773
361 772
361 771
361 770
362 769
363 768
363 767
364 766
365 765
366 764
367 763
368 762
368 761
369 760
369 759
370 758
370 757
370 756
370 755
370 754
370 753
370 752
370 751
370 750
370 749
370 748
370 747
370 746
370 745
370 744
370 743
369 742
369 741
369 740
369 739
369 738
369 737
369 736
369 735
369 734
369 733
368 732
368 731
368 730
368 729
368 728
368 727
368 726
369 725
369 724
369 723
369 722
369 721
369 720
369 719
369 718
369 717
369 716
369 715
369 714
369 713
369 712
369 711
369 710
369 709
369 708
369 707
370 706
370 705
370 704
370 703
370 702
371 701
371 700
371 699
372 698
372 697
373 696
373 695
373 694
374 693
374 692
375 691
375 690
376 689
376 688
377 687
377 686
378 685
378 684
378 683
379 682
379 681
380 680
381 679
381 678
382 677
382 676
383 675
383 674
384 673
384 672
385 671
385 670
385 669
385 668
385 667
385 666
385 665
384 664
384 663
385 662
385 661
386 660
387 659
387 658
388 657
388 656
389 655
389 654
389 653
389 652
389 651
389 650
389 649
390 648
390 647
390 646
390 645
390 644
390 643
390 642
390 641
390 640
390 639
390 638
391 637
391 636
391 635
391 634
392 633
392 632
393 631
393 630
393 629
393 628
393 627
393 626
393 625
393 624
393 623
392 622
392 621
392 620
391 619
391 618
390 617
390 616
389 615
388 614
387 613
386 612
386 611
385 610
385 609
385 608
385 607
385 606
384 605
384 604
384 603
383 602
383 601
382 600
382 599
382 598
383 597
383 596
384 595
384 594
385 593
385 592
385 591
385 590
385 589
385 588
385 587
385 586
385 585
385 584
385 583
385 582
385 581
386 580
386 579
386 578
387 577
387 576
387 575
388 574
388 573
388 572
389 571
389 570
389 569
389 568
389 567
389 566
389 565
389 564
389 563
389 562
389 561
389 560
389 559
389 558
389 557
389 556
388 555
389 554
389 553
390 552
391 551
392 550
393 549
394 548
395 547
396 546
397 545
397 544
398 543
398 542
399 541
400 540
401 539
402 538
402 537
403 536
403 535
404 534
404 533
405 532
405 531
405 530
405 529
405 528
406 527
406 526
407 525
407 524
407 523
407 522
407 521
407 520
406 519
406 518
406 517
406 516
406 515
406 514
406 513
406 512
406 511
406 510
406 509
407 508
407 507
407 506
407 505
408 504
408 503
409 502
409 501
410 500
411 499
411 498
412 497
413 496
414 495
415 495
416 495
417 495
418 494
419 494
420 493
421 493
422 492
423 492
424 492
425 491
426 491
427 490
428 490
429 489
430 488
431 487
432 486
433 485
434 485
435 485
436 485
437 484
438 484
439 483
440 483
441 482
442 481
443 480
444 480
445 479
446 478
447 477
447 476
448 475
448 474
449 473
449 472
450 471
450 470
450 469
450 468
451 467
451 466
451 465
451 464
451 463
451 462
451 461
451 460
451 459
451 458
451 457
451 456
452 455
452 454
453 453
453 452
454 451
454 450
454 449
455 448
455 447
456 446
456 445
457 444
457 443
458 442
459 441
459 440
460 440
461 439
462 438
463 438
464 437
465 437
466 436
467 436
468 435
469 434
470 433
471 432
472 431
473 431
474 430
475 430
476 429
477 428
478 427
479 426
480 425
481 424
481 423
482 422
483 421
483 420
484 419
485 418
485 417
486 416
486 415
487 414
487 413
488 412
488 411
489 410
489 409
490 408
490 407
490 406
491 405
491 404
492 403
492 402
493 401
493 400
494 399
494 398
494 397
495 396
495 395
495 394
495 393
495 392
495 391
495 390
495 389
495 388
495 387
495 386
495 385
495 384
495 383
496 382
496 381
497 380
497 379
498 378
499 377
499 376
500 375
501 374
501 373
502 372
503 371
504 370
505 369
506 368
507 367
508 366
509 365
510 365
511 364
512 363
513 363
514 362
515 361
516 360
517 359
518 358
519 357
520 356
521 355
521 354
522 353
523 352
523 351
524 350
524 349
525 348
525 347
525 346
526 345
526 344
527 343
527 342
527 341
528 340
528 339
528 338
528 337
529 336
529 335
529 334
530 333
530 332
531 331
531 330
532 329
532 328
533 327
533 326
534 325
535 325
536 324
537 324
538 324
539 324
540 325
541 325
542 325
543 325
544 325
545 324
546 324
547 323
548 323
549 322
550 322
551 322
552 322
553 322
554 323
555 323
556 324
557 325
558 325
559 326
560 327
561 328
562 328
563 329
564 329
565 330
566 330
567 331
568 331
569 332
570 332
571 333
572 334
573 335
574 336
575 336
576 337
577 338
578 338
579 339
580 339
581 340
582 340
583 341
584 341
585 342
586 342
587 343
588 343
589 343
590 344
591 344
592 345
593 346
594 347
595 348
596 349
597 350
598 351
599 352
600 352
601 353
602 353
603 354
604 354
605 355
606 355
607 355
608 355
609 356
610 356
611 356
612 356
613 356
614 356
615 356
616 356
617 356
618 356
619 357
620 357
621 357
622 357
623 357
624 357
625 357
626 357
627 357
628 356
629 356
630 356
631 356
632 355
633 355
634 355
635 355
636 354
637 354
638 353
639 353
640 352
641 352
642 351
643 350
644 349
645 348
645 347
646 347
647 347
648 347
649 347
650 347
651 347
652 347
653 347
654 346
655 346
656 345
657 345
658 344
659 343
660 342
661 341
662 341
663 340
664 340
665 339
666 338
667 338
668 337
669 336
670 336
671 335
672 334
673 334
674 333
675 332
676 332
677 331
678 330
679 329
680 328
681 327
682 326
683 325
684 325
685 324
686 324
687 323
688 323
689 323
690 322
691 322
692 321
693 321
694 321
695 320
696 320
697 320
698 319
699 319
700 318
701 318
702 317
703 316
704 315
705 314
706 313
706 312
707 311
707 310
708 310
709 309
710 309
711 309
712 309
713 308
714 308
715 307
716 307
717 306
718 305
719 304
720 303
721 303
722 302
723 301
724 301
725 301
726 300
727 300
728 300
729 299
730 299
731 299
732 299
733 299
734 299
735 299
736 298
737 298
738 297
739 297
740 296
741 296
742 295
743 295
744 294
745 294
746 293
747 293
748 293
749 292
750 292
751 291
752 291
753 290
754 289
755 288
756 287
757 286
758 285
759 284
760 284
761 284
762 284
763 284
764 285
765 285
766 285
767 285
768 285
769 284
770 284
771 284
772 283
773 283
774 283
775 283
776 283
777 283
778 283
779 283
780 282
781 282
782 281
783 281
784 280
785 279
786 279
787 279
788 278
789 278
790 277
791 277
792 276
793 275
794 275
795 274
796 274
797 275
798 275
799 275
800 275
801 275
802 275
803 275
804 275
805 275
806 275
807 274
808 274
809 273
810 273
811 272
812 272
813 271
814 271
815 271
816 271
817 271
818 271
819 271
820 271
821 271
822 271