861 295
862 296
863 296
864 296
865 296
866 297
867 297
868 297
869 298
870 298
871 298
872 298
873 298
874 298
875 298
876 298
877 298
878 298
879 298
880 298
881 298
882 298
883 298
884 299
885 299
886 300
887 300
888 301
889 302
890 302
891 303
892 303
893 304
894 304
895 305
896 305
897 306
898 306
899 306
900 307
901 308
902 308
903 309
904 309
905 310
906 311
907 312
908 313
909 314
910 315
911 316
912 316
913 317
914 317
915 318
916 318
917 319
918 319
919 319
920 320
921 320
922 320
923 320
924 320
925 320
926 320
927 321
928 321
929 321
930 321
931 321
932 321
933 321
934 321
935 322
936 322
937 322
938 322
939 322
940 322
941 322
942 322
943 323
944 323
945 323
946 323
947 323
948 323
949 323
950 323
951 324
952 324
953 324
954 324
955 325
956 325
957 326
958 326
959 326
960 326
961 327
962 327
963 327
964 327
965 327
966 327
967 327
968 327
969 327
970 328
971 328
971 329
972 330
973 331
974 332
975 333
976 334
977 334
978 335
979 335
980 336
981 337
982 337
983 338
984 338
985 339
986 339
987 339
988 340
989 340
990 340
991 340
992 341
993 341
994 341
995 341
996 341
997 342
998 342
999 343
1000 343
1001 344
1002 344
1003 344
1004 345
1005 345
1006 345
1007 345
1008 346
1009 346
1009 347
1010 348
1010 349
1011 350
1011 351
1012 352
1012 353
1013 354
1013 355
1014 356
1014 357
1015 358
1016 359
1017 360
1018 361
1019 362
1020 363
1021 363
1022 364
1023 365
1024 366
1025 366
1026 367
1027 368
1028 369
1029 370
1030 371
1031 372
1032 372
1033 373
1034 374
1035 375
1035 376
1035 377
1035 378
1035 379
1035 380
1035 381
1035 382
1035 383
1035 384
1035 385
1035 386
1034 387
1033 387
1032 388
1031 388
1030 389
1029 390
1028 391
1028 392
1027 393
1027 394
1026 395
1026 396
1026 397
1026 398
1026 399
1026 400
1026 401
1026 402
1026 403
1026 404
1026 405
1027 406
1027 407
1028 408
1028 409
1029 410
1030 411
1031 412
1032 413
1032 414
1033 415
1034 416
1034 417
1035 418
1035 419
1036 420
1036 421
1037 422
1038 423
1039 424
1040 425
1041 425
1042 426
1043 427
1044 427
1045 428
1045 429
1045 430
1045 431
1045 432
1044 433
1044 434
1043 435
1043 436
1043 437
1043 438
1043 439
1043 440
1043 441
1044 442
1044 443
1044 444
1045 445
1045 446
1045 447
1045 448
1045 449
1045 450
1044 451
1043 452
1042 452
1041 452
1040 453
1039 453
1038 454
1037 454
1036 455
1035 455
1034 456
1033 457
1032 458
1032 459
1031 460
1031 461
1030 462
1030 463
1030 464
1030 465
1029 466
1028 467
1027 468
1027 469
1026 470
1026 471
1025 472
1025 473
1024 474
1024 475
1023 476
1023 477
1022 478
1022 479
1021 480
1021 481
1021 482
1020 483
1020 484
1019 485
1018 486
1017 487
1017 488
1016 489
1016 490
1015 491
1014 492
1013 492
1012 492
1011 492
1010 492
1009 492
1008 493
1007 493
1006 494
1005 494
1004 494
1003 495
1002 495
1001 496
1000 496
999 496
998 497
997 497
996 498
995 498
994 499
993 499
992 500
991 500
990 501
989 501
988 501
987 501
986 500
985 500
984 500
983 500
982 500
981 499
980 499
979 499
978 499
977 499
976 499
975 498
974 498
973 498
972 498
971 498
970 498
969 498
968 498
967 497
966 497
965 497
964 497
963 497
962 497
961 497
960 497
959 497
958 497
957 497
956 497
955 497
954 497
953 497
952 497
951 497
950 497
949 497
948 497
947 498
946 498
945 498
944 498
943 499
942 499
941 499
940 500
939 500
938 501
937 501
936 502
935 502
934 503
933 504
932 504
931 505
930 505
929 506
928 506
927 507
926 507
925 508
924 509
923 510
922 510
921 511
920 512
919 513
918 514
917 515
916 516
915 517
914 518
913 519
912 519
911 520
910 521
909 522
909 523
908 524
907 525
907 526
906 527
906 528
905 529
905 530
904 531
904 532
903 533
902 533
901 534
900 534
899 535
898 535
897 536
896 537
895 537
894 538
893 538
892 538
891 539
890 539
889 539
888 540
887 540
886 541
885 541
884 542
883 543
882 543
881 544
880 545
879 546
878 547
877 548
876 549
875 550
874 551
873 552
872 553
871 554
870 555
869 556
869 557
868 558
867 559
866 560
866 561
865 562
865 563
864 564
864 565
863 566
863 567
862 568
862 569
861 570
861 571
861 572
860 573
860 574
860 575
859 576
858 576
857 577
856 578
855 578
854 579
853 579
852 580
851 581
850 582
849 583
849 584
848 585
847 586
846 586
845 587
844 587
843 588
842 589
841 589
840 590
839 590
838 591
837 592
836 592
835 593
834 593
833 594
832 595
831 595
830 596
829 597
828 598
827 599
827 600
826 601
825 602
825 603
824 604
823 605
822 605
821 606
820 606
819 607
818 607
817 608
816 608
815 609
814 609
813 610
812 610
811 610
810 610
809 610
808 610
807 609
807 608
806 607
806 606
805 605
804 604
803 603
802 603
801 602
800 602
799 601
798 601
797 601
796 601
795 601
794 601
793 601
792 602
791 602
790 602
789 603
788 603
787 603
786 603
785 603
784 602
783 602
782 601
781 601
780 600
779 600
778 600
777 600
776 600
775 600
774 601
773 601
772 601
771 601
770 602
769 602
768 602
767 602
766 602
765 603
764 603
763 603
762 603
761 603
760 604
759 604
758 604
757 605
756 605
755 605
754 606
753 606
752 607
751 607
750 608
749 609
748 609
747 610
746 611
745 612
744 613
743 614
742 614
741 614
740 615
739 615
738 615
737 615
736 615
735 615
734 615
733 615
732 615
731 615
730 615
729 615
728 615
727 615
726 616
725 616
724 616
723 616
722 616
721 616
720 617
719 617
718 617
717 618
716 618
715 619
714 619
713 619
712 619
711 620
710 620
709 620
708 621
707 621
706 622
705 622
704 623
703 623
702 624
701 624
700 625
699 625
698 626
697 627
696 628
695 629
694 630
693 631
692 631
691 631
690 631
689 631
688 631
687 630
686 630
685 630
684 630
683 630
682 630
681 630
680 630
679 631
678 631
677 631
676 632
675 632
674 633
673 633
672 634
671 634
670 634
669 635
668 635
667 636
666 636
665 637
664 637
663 638
662 638
661 639
660 640
659 640
658 641
657 641
656 642
655 643
654 643
653 643
652 644
651 644
650 645
649 645
648 645
647 645
646 646
645 646
644 647
643 647
642 648
641 648
640 649
639 649
638 650
637 650
636 651
635 651
634 651
633 651
632 652
631 652
630 652
629 653
628 653
627 653
626 654
625 654
624 654
623 655
622 655
621 656
620 656
619 657
618 658
617 658
616 659
615 660
614 660
613 661
612 661
611 662
610 662
609 663
608 663
607 663
606 663
605 664
604 664
603 664
602 664
601 665
600 665
599 665
598 666
597 666
596 666
595 667
594 667
593 667
592 667
591 668
590 668
589 668
588 668
587 669
586 669
585 670
584 670
583 671
582 671
581 672
580 673
579 673
578 674
577 674
576 675
575 676
574 676
573 677
572 678
571 679
570 680
569 680
568 681
567 681
566 682
565 682
564 683
563 684
562 684
561 685
560 685
559 685
558 686
557 686
556 687
555 687
554 688
553 688
552 689
551 690
550 691
549 692
548 693
547 694
546 694
545 695
544 695
543 696
542 697
541 698
540 699
539 699
538 700
537 701
536 702
536 703
535 704
534 705
533 706
532 707
531 708
530 709
529 710
528 711
527 711
526 712
525 713
524 713
523 714
522 714
521 715
520 716
519 717
518 718
517 719
516 720
515 720
514 721
513 722
512 723
511 724
510 725
509 726
508 727
507 728
506 729
505 730
504 731
504 732
503 733
502 734
501 735
501 736
500 737
499 738
499 739
498 740
498 741
497 742
497 743
496 744
496 745
495 746
495 747
495 748
494 749
493 750
493 751
492 751
491 752
490 752
489 753
488 753
487 753
486 753
485 753
484 753
483 753
482 753
481 753
480 753
479 753
478 753
477 752
476 752
475 752
474 751
473 751
472 751
471 751
470 751
469 751
468 752
467 752
466 753
465 753
464 754
463 755
462 756
461 757
460 758
459 759
459 760
458 761
457 762
456 763
456 764
455 765
454 766
454 767
453 768
452 769
451 769
450 769
449 770
448 770
447 771
446 771
445 772
444 772
443 772
442 771
441 770
440 769
439 769
438 768
437 768
436 767
435 767
434 767
433 767
432 767
431 768
430 768
429 769
428 769
427 770
426 770
425 770
424 770
423 770
422 770
421 769
420 769
419 768
418 768
417 767
416 767
415 767
414 767
413 767
412 767
411 767
410 767
409 768
408 768
407 769
406 769
405 770
404 771
403 772
403 773
402 774
402 775
401 776
401 777
400 778
400 779
400 780
399 781
399 782
399 783
398 784
398 785
398 786
397 787
397 788
396 788
395 788
394 788
393 788
392 787
391 787
390 787
389 787
388 787
387 787
386 787
385 788
384 788
383 788
382 789
381 789
380 788
379 788
378 787
377 787
376 786
375 786
374 786
373 786
372 786
371 786
370 787
369 787
368 788
367 788
366 788
365 788
364 788
363 787
362 787
361 786
360 786
359 785
358 785
357 785
356 785
355 784
354 784
353 784
352 784
351 783
350 782
349 781
349 780
348 779
347 778
346 777
345 776
344 775
343 774
342 773
341 772
340 771
340 770
341 769
341 768
342 767
343 767
344 766
345 765
346 764
347 763
348 762
349 761
349 760
350 759
350 758
351 757
351 756
352 755
352 754
353 753
353 752
354 751
355 750
356 749
356 748
357 747
357 746
358 745
358 744
358 743
358 742
358 741
358 740
358 739
358 738
358 737
358 736
358 735
358 734
358 733
359 732
359 731
360 730
360 729
361 728
361 727
361 726
362 725
362 724
362 723
362 722
362 721
362 720
362 719
362 718
362 717
363 716
363 715
363 714
364 713
364 712
364 711
365 710
365 709
366 708
366 707
367 706
367 705
368 704
368 703
369 702
369 701
370 700
370 699
370 698
371 697
371 696
371 695
371 694
372 693
372 692
372 691
372 690
372 689
372 688
372 687
372 686
372 685
372 684
373 683
373 682
373 681
373 680
373 679
373 678
373 677
373 676
373 675
373 674
373 673
374 672
374 671
374 670
374 669
374 668
374 667
374 666
374 665
374 664
373 663
373 662
373 661
373 660
373 659
373 658
373 657
372 656
372 655
372 654
372 653
372 652
371 651
371 650
371 649
370 648
370 647
370 646
369 645
369 644
369 643
368 642
368 641
367 640
367 639
366 638
366 637
366 636
365 635
365 634
364 633
364 632
363 631
363 630
363 629
362 628
362 627
361 626
361 625
360 624
359 623
359 622
358 621
358 620
357 619
356 618
356 617
355 616
354 615
353 614
353 613
352 612
351 611
350 610
349 609
348 608
347 607
346 606
345 605
344 604
343 603
342 602
342 601
341 600
340 599
339 598
338 597
337 596
336 595
335 594
334 594
333 593
332 592
331 591
330 591
329 590
328 589
327 588
326 588
325 587
324 586
323 586
322 585
321 584
320 584
319 583
318 583
317 582
316 582
315 581
314 581
313 580
312 579
311 579
310 578
309 578
308 577
307 577
306 576
305 576
304 576
303 575
302 575
301 575
300 575
299 574
298 574
297 574
296 574
295 573
294 573
293 573
292 572
291 572
290 571
289 571
288 570
287 570
286 569
285 569
284 569
283 569
282 568
281 568
280 568
279 568
278 568
277 567
276 567
275 567
274 566
273 566
272 566
271 565
270 565
269 564
268 564
267 563
266 563
265 562
264 562
263 562
262 562
261 562
260 562
259 562
258 562
257 562
256 562
255 562
254 562
253 562
252 562
251 562
250 561
249 561
248 561
247 561
246 561
245 561
244 562
243 562
242 563
241 563
240 564
239 564
238 564
237 564
236 565
235 564
234 564
233 564
232 564
231 564
230 563
229 563
228 563
227 563
226 563
225 563
224 563
223 562
222 562
221 561
220 560
219 559
218 559
217 558
216 558
215 557
214 557
213 556
212 556
211 556
210 556
209 556
208 556
207 555
206 555
205 554
204 553
203 552
202 551
201 551
200 550
199 550
198 549
197 549
196 548
195 548
194 548
193 548
192 547
191 547
190 547
189 547
188 546
187 546
186 546
185 546
184 545
183 545
182 544
181 543
180 543
179 542
178 541
177 540
177 539
177 538
177 537
177 536
178 535
178 534
178 533
179 532
179 531
179 530
179 529
179 528
180 527
180 526
180 525
180 524
180 523
180 522
179 521
179 520
179 519
179 518
179 517
179 516
179 515
179 514
179 513
179 512
179 511
179 510
179 509
179 508
179 507
179 506
178 505
178 504
177 503
177 502
176 501
176 500
175 499
174 498
173 497
172 496
172 495
172 494
171 493
171 492
171 491
171 490
171 489
171 488
171 487
171 486
171 485
171 484
172 483
172 482
172 481
172 480
172 479
172 478
172 477
172 476
172 475
173 474
173 473
174 472
174 471
174 470
174 469
174 468
174 467
174 466
174 465
174 464
175 463
175 462
175 461
175 460
175 459
175 458
175 457
176 456
176 455
177 454
178 454
179 453
180 453
181 453
182 452
183 452
184 451
185 451
186 450
187 449
188 449
189 448
190 448
191 447
192 447
193 447
194 447
195 447
196 447
197 447
198 447
199 447
200 447
201 447
202 446
203 446
204 445
205 445
206 444
207 443
208 442
209 441
210 440
211 439
212 439
213 438
214 438
215 438
216 438
217 438
218 438
219 438
220 438
221 438
222 437
223 437
224 437
225 436
226 436
227 436
228 436
229 436
230 436
231 437
232 437
233 437
234 437
235 437
236 437
237 437
238 437
239 437
240 437
241 437
242 437
243 437
244 436
245 436
246 436
247 436
248 436
249 436
250 436
251 437
252 437
253 438
254 439
255 439
256 440
257 441
258 441
259 442
260 442
261 443
262 443
263 444
264 444
265 444
266 444
267 445
268 445
269 445
270 445
271 445
272 445
273 445
274 445
275 445
276 444
277 444
278 444
279 444
280 444
281 444
282 444
283 444
284 444
285 444
286 444
287 444
288 444
289 444
290 444
291 444
292 444
293 443
294 443
295 443
296 443
297 442
298 442
299 442
300 442
301 441
302 441
303 441
304 441
305 441
306 440
307 440
308 440
309 439
310 439
311 439
312 438
313 438
314 438
315 437
316 437
317 437
318 436
319 436
320 435
321 435
322 434
323 433
324 432
325 431
326 430
327 429
328 429
329 429
330 429
331 429
332 429
333 429
334 429
335 429
336 429
337 429
338 429
339 429
340 428
341 428
342 427
343 427
344 427
345 426
346 426
347 426
348 425
349 425
350 424
351 424
352 423
353 423
354 422
355 421
356 420
357 419
358 418
358 417
359 416
359 415
360 414
361 413
362 413
363 413
364 413
365 412
366 412
367 412
368 411
369 411
370 410
371 410
372 410
373 410
374 410
375 410
376 410
377 409
378 409
379 408
380 408
381 408
382 408
383 407
384 407
385 407
386 407
387 407
388 407
389 408
390 408
391 408
392 408
393 408
394 408
395 408
396 408
397 407
398 407
399 406
400 406
401 405
402 405
403 404
404 404
405 403
406 403
407 402
408 402
409 402
410 402
411 403
412 403
413 404
413 405
414 406
414 407
415 408
415 409
415 410
415 411
415 412
415 413
415 414
415 415
415 416
415 417
415 418
415 419
415 420
414 421
414 422
414 423
414 424
414 425
414 426
414 427
415 428
415 429
415 430
415 431
415 432
416 433
416 434
416 435
417 436
417 437
418 438
418 439
419 440
419 441
419 442
419 443
420 444
420 445
421 446
421 447
422 448
423 449
424 450
424 451
425 452
426 453
427 454
428 454
429 455
430 455
431 456
432 456
433 456
434 456
435 456
436 457
437 457
438 457
439 458
440 459
441 459
442 460
443 460
444 461
445 461
446 461
447 461
448 461
449 462
450 462
451 462
452 463
453 463
454 464
455 464
456 465
457 465
458 466
459 466
460 466
461 466
462 466
463 466
464 466
465 466
466 465
467 465
468 465
469 464
470 464
471 463
472 463
473 462
474 462
475 462
476 462
477 462
478 462
479 462
480 462
481 462
482 461
483 461
484 461
485 461
486 460
487 460
488 459
489 459
490 458
491 457
492 456
493 456
494 455
495 455
496 455
497 455
498 455
499 455
500 455
501 455
502 455
503 455
504 454
505 454
506 453
507 453
508 452
509 451
510 450
510 449
511 448
511 447
512 446
512 445
513 444
513 443
513 442
514 441
514 440
514 439
515 438
515 437
515 436
515 435
515 434
516 433
517 432
518 431
519 430
520 430
521 430
522 430
523 430
524 430
525 431
526 432
527 433
528 433
529 434
530 435
531 435
532 436
533 436
534 437
535 437
536 438
537 438
538 439
539 439
540 440
541 440
542 441
543 442
543 443
543 444
543 445
544 446
544 447
545 448
545 449
546 450
546 451
547 452
548 453
549 454
550 454
551 455
552 455
553 456
554 456
555 456
556 456
557 456
558 456
559 456
560 455
561 455
562 455
563 455
564 455
565 455
566 455
567 455
568 455
569 455
570 455
571 455
572 455
573 455
574 455
575 455
576 454
577 454
578 454
579 454
580 454
581 453
582 453
583 453
584 452
585 452
586 451
587 451
588 450
589 449
590 448
590 447
591 446
591 445
592 444
592 443
593 442
594 441
595 440
596 439
597 438
597 437
598 436
598 435
599 434
599 433
600 432
600 431
600 430
600 429
600 428
600 427
600 426
600 425
600 424
600 423
600 422
599 421
599 420
599 419
599 418
598 417
598 416
598 415
597 414
597 413
596 412
596 411
595 410
595 409
594 408
594 407
593 406
593 405
593 404
594 404
595 404
596 403
597 403
598 403
599 402
600 402
601 403
602 403
603 403
604 403
605 403
606 403
607 403
608 403
609 402
610 402
611 401
612 401
613 401
614 402
615 402
616 403
617 403
618 404
618 405
619 406
619 407
619 408
620 409
620 410
621 411
621 412
622 413
622 414
623 415
623 416
624 417
625 418
625 419
625 420
625 421
625 422
625 423
625 424
625 425
626 426
626 427
627 428
627 429
628 430
629 431
630 432
631 432
632 433
633 433
634 434
635 434
636 434
637 434
638 434
639 434
640 433
641 433
642 432
643 432
644 431
645 430
646 429
647 429
648 428
649 428
650 428
651 427
652 427
653 427
654 426
655 426
656 426
657 427
658 427
659 427
660 427
661 427
662 427
663 427
664 426
665 426
666 425
667 425
668 424
669 424
670 423
671 422
672 421
673 420
674 420
675 420
676 420
677 420
678 420
679 420
680 420
681 420
682 419
683 419
684 418
685 418
686 417
687 417
688 416
689 415
690 414
691 413
692 412
692 411
693 410
693 409
694 408
694 407
695 406
695 405
695 404
696 403
696 402
697 401
698 400
698 399
699 398
700 397
700 396
701 395
701 394
702 393
702 392
703 391
703 390
703 389
703 388
703 387
703 386
703 385
703 384
703 383
703 382
702 381
702 380
701 379
701 378
701 377
701 376
701 375
701 374
702 373
703 372
704 372
705 371
706 371
707 370
708 369
709 368
710 368
711 367
712 367
713 366
714 366
715 365
716 365
717 364
718 363
719 362
719 361
720 360
720 359
721 358
721 357
721 356
721 355
721 354
721 353
721 352
721 351
722 350
723 349
724 349
725 348
726 348
727 348
728 348
729 348
730 348
731 348
732 347
733 347
734 346
735 346
736 345
737 345
738 344
739 343
740 342
741 341
741 340
742 339
742 338
743 337
743 336
744 335
745 334
746 333
747 332
748 332
749 332
750 331
751 331
752 330
753 330
754 329
755 328
756 327
757 326
758 325
758 324
759 323
759 322
760 321
760 320
760 319
760 318
760 317
760 316
760 315
760 314
760 313
761 312
761 311
761 310
761 309
761 308
761 307
762 306
763 306
764 305
765 305
766 304
767 303
768 303
769 303
770 304
771 304
772 305
773 306
774 306
775 307
776 307
777 308
778 308
779 308
780 308
781 308
782 308
783 308
784 307
785 307
786 306
787 306
788 305
789 305
790 304
791 304
792 304
793 303
794 303
795 302
796 302
797 301
798 301
799 300
800 299
801 299
802 298
803 299
804 299
805 299
806 300
807 300
808 301
809 301
810 301
811 301
812 301
813 301
814 301
815 301
816 301
817 301
818 301
819 301
820 301
821 301
822 301
823 301
824 301
825 301
826 301
827 300
828 300
829 300
830 300
831 300
832 299
833 299
834 299
835 299
836 299
837 299
838 299
839 299
840 299
841 300
842 300
843 300
844 300
845 300
846 299
847 299
848 299
849 298
850 298
851 297
852 297
853 296
854 295
855 295
856 295
857 295
858 295
859 295
860 295