654 119
655 120
656 121
657 121
658 122
659 123
660 124
661 125
661 126
661 127
661 128
661 129
661 130
661 131
661 132
661 133
661 134
662 135
662 136
663 137
663 138
664 139
665 140
666 141
667 141
668 142
669 143
670 144
670 145
671 146
671 147
672 148
672 149
673 150
673 151
674 152
675 153
675 154
675 155
675 156
674 157
674 158
673 159
673 160
672 161
672 162
672 163
672 164
672 165
672 166
672 167
673 168
673 169
674 170
674 171
675 172
675 173
675 174
675 175
675 176
675 177
674 178
674 179
673 180
673 181
672 182
672 183
672 184
672 185
672 186
672 187
672 188
672 189
672 190
671 191
671 192
671 193
671 194
671 195
671 196
672 197
672 198
672 199
672 200
672 201
672 202
673 203
673 204
673 205
674 206
674 207
675 208
675 209
676 210
677 211
677 212
677 213
677 214
677 215
677 216
678 217
678 218
679 219
679 220
680 221
681 222
682 223
683 223
684 224
684 225
684 226
684 227
683 228
683 229
682 230
682 231
682 232
682 233
682 234
681 235
681 236
681 237
680 238
680 239
680 240
680 241
680 242
680 243
680 244
680 245
680 246
681 247
681 248
681 249
681 250
681 251
682 252
682 253
683 254
683 255
684 256
685 257
686 258
687 258
688 259
689 260
690 261
690 262
690 263
691 264
691 265
691 266
691 267
691 268
691 269
691 270
691 271
690 272
690 273
690 274
690 275
690 276
690 277
691 278
691 279
691 280
692 281
692 282
692 283
693 284
693 285
693 286
694 287
694 288
694 289
695 290
695 291
696 292
696 293
697 294
698 295
698 296
699 297
700 298
701 299
702 300
702 301
703 302
703 303
703 304
703 305
703 306
703 307
703 308
703 309
704 310
704 311
705 312
705 313
706 314
706 315
707 316
707 317
708 318
709 319
710 320
711 321
712 321
713 322
714 322
715 323
716 323
717 323
718 323
719 323
720 323
721 322
722 322
723 322
724 322
725 322
726 322
727 321
728 321
729 321
730 320
731 320
732 321
733 321
734 322
734 323
735 324
735 325
735 326
735 327
736 328
736 329
735 330
735 331
735 332
735 333
735 334
735 335
734 336
734 337
734 338
733 339
733 340
733 341
733 342
733 343
732 344
732 345
732 346
732 347
732 348
732 349
732 350
731 351
731 352
731 353
731 354
730 355
730 356
730 357
730 358
730 359
730 360
730 361
730 362
730 363
730 364
730 365
730 366
730 367
730 368
730 369
730 370
730 371
731 372
731 373
731 374
731 375
731 376
731 377
731 378
731 379
731 380
731 381
732 382
732 383
732 384
732 385
733 386
733 387
733 388
733 389
733 390
734 391
734 392
734 393
735 394
735 395
736 396
736 397
736 398
737 399
737 400
737 401
737 402
737 403
737 404
737 405
737 406
737 407
737 408
737 409
738 410
738 411
738 412
738 413
739 414
739 415
740 416
740 417
740 418
741 419
741 420
741 421
741 422
741 423
741 424
741 425
742 426
742 427
743 428
743 429
744 430
745 431
746 432
747 432
748 433
749 433
750 434
751 434
752 434
753 434
754 435
755 436
755 437
756 438
756 439
756 440
756 441
757 442
757 443
756 444
756 445
756 446
756 447
756 448
755 449
755 450
755 451
755 452
755 453
755 454
755 455
755 456
755 457
755 458
755 459
754 460
754 461
754 462
754 463
754 464
754 465
754 466
754 467
754 468
754 469
754 470
754 471
754 472
755 473
755 474
755 475
756 476
756 477
757 478
757 479
757 480
758 481
758 482
758 483
759 484
759 485
760 486
760 487
761 488
761 489
762 490
762 491
762 492
763 493
763 494
763 495
764 496
764 497
765 498
765 499
765 500
766 501
766 502
766 503
766 504
766 505
766 506
765 507
764 508
764 509
763 510
763 511
762 512
761 513
761 514
760 514
759 515
758 516
757 517
756 518
756 519
755 520
755 521
754 522
754 523
753 524
752 525
751 525
750 524
750 523
749 522
748 521
747 520
746 519
745 519
744 518
743 518
742 517
741 517
740 516
739 516
738 516
737 516
736 516
735 517
734 517
733 518
732 518
731 519
730 520
729 521
729 522
728 523
727 523
726 524
725 525
724 526
724 527
723 528
723 529
722 530
722 531
721 532
720 533
720 534
719 535
719 536
718 537
718 538
718 539
718 540
718 541
718 542
718 543
717 544
717 545
716 546
715 547
714 548
714 549
713 550
713 551
712 552
712 553
712 554
712 555
712 556
712 557
712 558
711 559
711 560
711 561
710 562
710 563
709 564
709 565
708 566
708 567
708 568
708 569
708 570
708 571
708 572
708 573
708 574
708 575
707 576
707 577
707 578
706 579
706 580
706 581
705 582
705 583
705 584
704 585
704 586
704 587
704 588
704 589
703 590
703 591
703 592
703 593
703 594
703 595
703 596
703 597
704 598
704 599
704 600
705 601
705 602
705 603
706 604
706 605
706 606
706 607
707 608
707 609
707 610
707 611
707 612
708 613
708 614
708 615
708 616
708 617
708 618
707 619
707 620
707 621
707 622
707 623
707 624
707 625
708 626
708 627
709 628
709 629
710 630
711 631
712 632
713 633
714 633
715 634
715 635
715 636
714 637
713 638
712 638
711 639
710 640
709 641
709 642
708 643
708 644
707 645
707 646
707 647
706 648
705 649
705 650
704 651
704 652
703 653
703 654
703 655
703 656
703 657
703 658
704 659
704 660
704 661
703 662
702 663
701 664
700 665
700 666
699 667
698 667
697 667
696 668
695 668
694 669
693 669
692 670
691 670
690 671
689 672
688 673
687 674
686 675
685 675
684 676
683 676
682 677
681 677
680 678
679 678
678 679
677 680
676 681
676 682
675 683
675 684
674 685
674 686
674 687
674 688
674 689
674 690
674 691
674 692
673 693
673 694
672 695
672 696
671 697
671 698
670 699
670 700
669 701
669 702
668 703
668 704
667 705
667 706
667 707
666 708
666 709
666 710
665 711
665 712
665 713
665 714
665 715
665 716
665 717
665 718
665 719
665 720
665 721
665 722
665 723
665 724
665 725
665 726
665 727
665 728
665 729
665 730
665 731
664 732
664 733
663 734
663 735
663 736
663 737
663 738
663 739
663 740
663 741
664 742
664 743
664 744
664 745
664 746
664 747
663 748
663 749
662 750
661 751
661 752
660 753
660 754
659 755
659 756
658 757
658 758
658 759
657 760
657 761
657 762
656 763
656 764
655 765
654 766
653 767
652 767
651 768
650 768
649 768
648 768
647 767
646 767
645 767
644 767
643 767
642 767
641 767
640 768
639 768
638 769
637 769
636 770
635 770
634 770
633 770
632 770
631 769
630 769
629 769
628 769
627 769
626 769
625 769
624 770
623 770
622 771
621 771
620 772
619 773
618 774
617 775
616 776
616 777
615 778
615 779
614 780
614 781
614 782
614 783
614 784
614 785
615 786
615 787
616 788
616 789
616 790
616 791
615 792
615 793
614 794
614 795
614 796
614 797
614 798
614 799
615 800
615 801
616 802
616 803
617 804
617 805
616 806
615 806
614 806
613 806
612 806
611 806
610 806
609 806
608 806
607 807
606 807
605 808
604 808
603 809
602 809
601 809
600 809
599 809
598 809
597 810
596 810
595 811
594 811
593 812
592 813
591 814
591 815
590 816
590 817
589 818
589 819
589 820
589 821
589 822
589 823
589 824
590 825
590 826
590 827
590 828
590 829
590 830
590 831
590 832
590 833
591 834
591 835
592 836
592 837
593 838
594 839
595 840
596 841
597 841
598 842
599 843
600 844
600 845
601 846
602 847
603 848
604 848
605 849
606 849
607 850
608 851
608 852
608 853
608 854
608 855
608 856
608 857
609 858
609 859
609 860
610 861
610 862
611 863
611 864
612 865
612 866
613 867
613 868
614 869
614 870
615 871
616 872
617 873
618 873
619 874
620 875
621 876
622 877
622 878
622 879
622 880
622 881
622 882
622 883
623 884
623 885
624 886
624 887
625 888
625 889
626 890
626 891
627 892
627 893
628 894
628 895
628 896
628 897
628 898
628 899
628 900
628 901
628 902
628 903
628 904
628 905
628 906
628 907
627 908
627 909
627 910
626 911
626 912
625 913
625 914
624 915
623 916
622 917
621 918
620 919
619 920
618 921
617 922
616 923
615 924
614 925
613 926
612 927
611 928
610 929
609 930
608 930
607 931
606 932
605 933
604 933
603 934
602 934
601 934
600 935
599 935
598 936
597 936
596 937
595 938
594 939
593 940
592 941
591 942
591 943
590 944
589 945
589 946
588 947
588 948
587 949
587 950
587 951
586 952
586 953
585 954
585 955
584 956
584 957
583 958
582 959
581 960
580 961
579 962
578 963
577 964
577 965
576 966
576 967
575 968
575 969
575 970
574 971
574 972
573 973
572 973
571 973
570 973
569 972
568 972
567 971
566 971
565 970
564 969
563 968
562 967
561 967
560 966
559 965
558 964
557 963
556 962
555 961
554 960
553 959
552 958
552 957
551 956
550 955
549 954
548 953
547 952
546 951
546 950
545 949
544 948
543 947
542 946
541 945
540 944
539 943
538 942
538 941
537 940
536 939
535 938
534 937
533 937
532 936
531 936
530 935
529 935
528 935
527 935
526 935
525 935
524 935
523 935
522 935
521 935
520 935
519 935
518 935
517 934
516 934
515 933
514 932
513 932
512 931
511 930
510 929
509 928
509 927
508 926
508 925
508 924
507 923
507 922
507 921
507 920
507 919
507 918
507 917
506 916
506 915
506 914
506 913
505 912
505 911
504 910
504 909
503 908
503 907
503 906
503 905
503 904
503 903
503 902
503 901
502 900
502 899
501 898
501 897
500 896
499 895
498 894
497 893
496 893
495 892
494 891
493 890
492 889
491 888
490 887
490 886
489 885
489 884
488 883
488 882
487 881
486 880
485 879
484 878
484 877
483 876
483 875
482 874
482 873
481 872
480 871
479 870
478 870
477 869
476 868
475 867
474 866
473 865
472 864
471 863
470 862
469 861
468 860
468 859
467 858
466 857
466 856
465 855
464 854
464 853
463 852
463 851
463 850
462 849
462 848
461 847
461 846
460 845
460 844
459 843
458 842
457 841
456 841
455 840
454 840
453 839
452 839
451 839
450 839
449 839
448 840
447 840
446 841
445 841
444 842
443 842
442 843
441 843
440 843
439 843
438 843
437 843
436 843
435 843
434 843
433 843
432 843
431 843
430 843
429 843
428 842
427 842
426 842
425 841
424 840
423 839
422 838
422 837
421 836
421 835
421 834
421 833
421 832
421 831
421 830
421 829
422 828
422 827
422 826
423 825
423 824
424 823
424 822
425 821
425 820
426 819
426 818
427 817
428 816
429 815
430 814
431 813
432 813
433 813
434 812
435 812
436 812
437 811
438 811
439 811
440 811
441 810
442 810
443 809
444 809
445 808
446 807
447 806
448 805
448 804
449 803
449 802
450 801
450 800
450 799
450 798
450 797
450 796
451 795
451 794
451 793
452 792
452 791
453 790
453 789
454 788
454 787
455 786
455 785
455 784
455 783
455 782
455 781
455 780
455 779
456 778
457 777
458 776
458 775
459 774
460 773
460 772
461 771
462 770
462 769
463 768
463 767
464 766
464 765
465 764
465 763
465 762
466 761
466 760
466 759
466 758
467 757
467 756
468 755
468 754
469 753
469 752
470 751
470 750
471 749
472 748
473 747
474 747
475 746
476 746
477 746
478 746
479 746
480 747
481 747
482 748
483 749
484 750
485 750
486 751
487 751
488 752
489 752
490 752
491 752
492 752
493 752
494 751
495 751
496 750
497 750
498 749
499 749
500 748
501 748
502 747
503 747
504 746
505 745
506 744
507 743
508 743
509 743
510 744
510 745
511 746
512 747
513 748
514 748
515 749
516 749
517 750
518 750
519 750
520 750
521 750
522 749
523 749
524 748
525 748
526 747
527 747
528 746
529 745
530 744
531 743
532 742
532 741
533 740
533 739
534 738
534 737
534 736
534 735
534 734
534 733
533 732
534 731
535 731
536 730
537 729
538 728
539 727
540 726
541 725
542 724
542 723
543 722
543 721
544 720
544 719
545 718
545 717
545 716
545 715
545 714
545 713
544 712
544 711
543 710
543 709
542 708
541 707
541 706
540 705
540 704
539 703
539 702
539 701
539 700
540 699
540 698
540 697
541 696
541 695
541 694
542 693
542 692
542 691
542 690
542 689
542 688
542 687
543 686
543 685
543 684
544 683
544 682
545 681
545 680
546 679
546 678
547 677
547 676
547 675
547 674
547 673
548 672
548 671
548 670
548 669
548 668
548 667
549 666
549 665
549 664
549 663
549 662
549 661
549 660
549 659
549 658
549 657
549 656
549 655
549 654
549 653
549 652
549 651
549 650
549 649
549 648
549 647
550 646
550 645
550 644
551 643
551 642
551 641
551 640
551 639
551 638
551 637
551 636
551 635
551 634
550 633
550 632
550 631
550 630
551 629
551 628
551 627
552 626
552 625
553 624
553 623
553 622
553 621
553 620
553 619
552 618
552 617
553 616
553 615
553 614
553 613
553 612
553 611
553 610
552 609
552 608
551 607
551 606
551 605
551 604
551 603
552 602
552 601
552 600
552 599
552 598
551 597
551 596
550 595
550 594
549 593
548 592
547 591
546 591
545 590
544 590
544 589
544 588
545 587
545 586
546 585
546 584
547 583
547 582
547 581
547 580
547 579
547 578
547 577
547 576
547 575
547 574
547 573
547 572
547 571
547 570
547 569
548 568
548 567
549 566
549 565
549 564
549 563
550 562
550 561
550 560
550 559
550 558
550 557
551 556
551 555
551 554
551 553
551 552
551 551
551 550
550 549
550 548
550 547
550 546
550 545
550 544
550 543
550 542
550 541
550 540
550 539
550 538
550 537
550 536
549 535
549 534
549 533
549 532
548 531
548 530
548 529
548 528
548 527
547 526
547 525
547 524
546 523
546 522
546 521
545 520
545 519
544 518
544 517
544 516
544 515
544 514
544 513
544 512
544 511
544 510
543 509
543 508
543 507
542 506
542 505
542 504
541 503
541 502
541 501
541 500
541 499
541 498
541 497
541 496
541 495
540 494
540 493
540 492
540 491
539 490
539 489
538 488
538 487
537 486
536 485
535 484
534 483
534 482
534 481
534 480
533 479
533 478
532 477
532 476
531 475
530 474
529 473
528 473
528 472
527 471
527 470
526 469
526 468
525 467
525 466
524 465
523 464
522 463
521 463
520 462
519 461
518 461
517 460
517 459
516 458
515 457
515 456
514 455
514 454
514 453
514 452
514 451
514 450
514 449
514 448
513 447
513 446
513 445
514 444
514 443
515 442
516 441
517 440
518 440
519 439
520 439
521 438
522 438
523 437
524 436
525 435
526 434
527 433
527 432
528 431
528 430
529 429
529 428
529 427
529 426
529 425
528 424
528 423
527 422
527 421
526 420
525 419
525 418
525 417
525 416
526 415
526 414
527 413
527 412
528 411
528 410
528 409
528 408
528 407
528 406
528 405
527 404
527 403
526 402
526 401
527 400
527 399
528 398
528 397
529 396
529 395
529 394
529 393
529 392
529 391
528 390
528 389
527 388
527 387
526 386
525 385
524 384
524 383
524 382
525 381
526 380
527 380
528 380
529 380
530 380
531 380
532 380
533 380
534 380
535 379
536 379
537 379
538 379
539 378
540 378
541 377
542 377
543 376
544 376
545 375
546 374
547 373
547 372
548 371
548 370
549 369
549 368
550 367
550 366
550 365
550 364
550 363
550 362
549 361
549 360
548 359
549 358
550 357
550 356
551 355
551 354
552 353
552 352
552 351
552 350
552 349
551 348
551 347
550 346
550 345
549 344
548 343
547 342
547 341
546 340
546 339
547 338
547 337
548 336
548 335
548 334
548 333
548 332
549 331
549 330
550 329
550 328
551 327
551 326
551 325
551 324
551 323
550 322
550 321
549 320
549 319
548 318
547 317
546 316
545 316
544 315
543 315
542 314
541 314
540 314
539 314
538 314
537 314
536 314
535 314
534 313
533 313
532 313
531 312
531 311
531 310
531 309
530 308
530 307
529 306
529 305
528 304
527 303
528 303
529 304
530 304
531 304
532 304
533 304
534 303
535 303
536 302
537 302
538 301
539 300
540 300
541 299
542 299
543 299
544 299
545 299
546 300
547 300
548 301
549 301
550 301
551 301
552 301
553 301
554 300
555 300
556 299
557 299
558 298
559 297
560 296
560 295
561 294
561 293
562 292
562 291
562 290
562 289
562 288
561 287
561 286
561 285
561 284
562 284
563 284
564 285
565 285
566 286
567 286
568 286
569 286
570 286
571 285
572 285
573 284
574 284
575 283
576 282
577 281
577 280
578 279
578 278
579 277
579 276
579 275
579 274
579 273
580 272
580 271
580 270
580 269
581 269
582 268
583 268
584 267
585 267
586 266
587 265
588 264
588 263
589 262
589 261
590 260
590 259
591 258
591 257
591 256
592 255
592 254
592 253
592 252
592 251
592 250
592 249
592 248
593 247
593 246
594 245
594 244
594 243
595 242
595 241
595 240
596 239
596 238
596 237
597 236
597 235
597 234
597 233
597 232
597 231
597 230
597 229
597 228
597 227
597 226
598 225
598 224
599 223
599 222
600 221
600 220
601 219
601 218
602 217
602 216
602 215
603 214
603 213
603 212
603 211
603 210
604 209
604 208
604 207
604 206
604 205
604 204
604 203
604 202
604 201
605 200
605 199
605 198
605 197
605 196
606 195
606 194
606 193
606 192
606 191
606 190
606 189
607 188
607 187
607 186
607 185
607 184
607 183
607 182
607 181
607 180
607 179
607 178
607 177
607 176
607 175
607 174
607 173
606 172
606 171
606 170
605 169
605 168
604 167
604 166
603 165
603 164
603 163
602 162
602 161
602 160
601 159
601 158
601 157
601 156
601 155
601 154
601 153
602 152
602 151
603 150
604 149
605 148
606 147
606 146
607 145
607 144
608 143
608 142
608 141
609 140
609 139
610 138
610 137
611 136
611 135
612 134
613 133
614 132
615 131
616 130
617 129
618 128
619 128
620 128
621 128
622 128
623 128
624 128
625 128
626 129
627 129
628 129
629 129
630 129
631 129
632 128
633 128
634 128
635 128
636 128
637 128
638 128
639 127
640 127
641 126
642 126
643 125
644 124
645 123
646 122
647 121
648 120
649 120
650 119
651 119
652 119
653 119