666 254
667 255
668 255
669 255
670 255
671 255
672 255
673 255
674 256
675 256
676 256
677 257
678 257
679 258
680 259
681 259
682 260
683 260
684 261
685 261
686 261
687 261
688 261
689 261
690 260
691 260
692 260
693 260
694 260
695 259
696 259
697 259
698 258
699 258
700 258
701 259
702 260
703 260
704 261
705 262
705 263
706 264
707 265
708 266
709 267
710 268
711 269
712 270
713 271
714 271
715 272
716 272
717 273
718 273
719 274
720 275
720 276
720 277
720 278
721 279
721 280
721 281
721 282
722 283
722 284
722 285
723 286
723 287
724 288
724 289
725 290
726 291
726 292
727 293
728 294
729 295
730 296
731 297
732 298
733 299
734 300
735 301
736 301
737 302
738 303
739 303
740 304
741 304
742 305
743 305
744 306
745 306
746 306
747 307
747 308
748 309
748 310
749 311
749 312
750 313
750 314
751 315
752 316
753 317
754 318
755 318
756 319
757 320
758 321
759 322
760 323
761 323
762 324
763 325
764 326
765 326
766 327
767 327
768 328
769 328
770 328
771 328
772 328
773 328
774 328
775 328
776 328
777 328
778 328
778 329
779 330
780 331
781 332
782 333
783 334
784 335
785 336
785 337
786 338
786 339
786 340
786 341
786 342
786 343
786 344
786 345
786 346
786 347
786 348
787 349
787 350
788 351
788 352
789 353
790 354
791 355
791 356
791 357
791 358
791 359
791 360
791 361
791 362
791 363
791 364
791 365
791 366
791 367
791 368
791 369
791 370
791 371
791 372
791 373
791 374
791 375
791 376
791 377
791 378
791 379
791 380
791 381
791 382
792 383
792 384
792 385
792 386
793 387
793 388
793 389
794 390
794 391
795 392
795 393
795 394
796 395
796 396
797 397
797 398
798 399
798 400
799 401
799 402
800 403
800 404
800 405
801 406
801 407
801 408
801 409
801 410
801 411
801 412
801 413
802 414
802 415
802 416
802 417
802 418
801 419
801 420
800 421
800 422
800 423
800 424
799 425
799 426
799 427
799 428
798 429
798 430
798 431
798 432
798 433
798 434
798 435
798 436
797 437
797 438
797 439
797 440
797 441
796 442
796 443
796 444
795 445
795 446
795 447
795 448
794 449
794 450
794 451
794 452
794 453
794 454
794 455
794 456
794 457
794 458
795 459
795 460
795 461
796 462
796 463
796 464
796 465
796 466
796 467
796 468
796 469
796 470
796 471
796 472
796 473
796 474
797 475
797 476
798 477
798 478
799 479
800 480
801 481
802 481
803 482
804 482
805 483
806 483
806 484
807 485
807 486
807 487
807 488
807 489
807 490
807 491
807 492
807 493
807 494
808 495
808 496
808 497
809 498
809 499
809 500
810 501
810 502
810 503
810 504
811 505
811 506
811 507
811 508
811 509
811 510
811 511
811 512
812 513
812 514
813 515
813 516
814 517
814 518
815 519
815 520
816 521
816 522
817 523
817 524
818 525
819 526
819 527
820 528
821 529
822 530
823 531
824 532
825 533
826 533
827 534
828 535
829 535
830 536
831 537
831 538
830 539
830 540
830 541
830 542
830 543
830 544
830 545
830 546
831 547
831 548
832 549
832 550
833 551
833 552
834 553
833 554
833 555
832 556
832 557
832 558
832 559
832 560
832 561
832 562
833 563
833 564
834 565
834 566
835 567
836 568
837 569
838 570
839 571
840 572
840 573
841 574
842 575
842 576
843 577
844 578
845 579
846 580
846 581
847 582
846 583
845 584
844 585
843 586
842 587
841 588
840 588
839 588
838 588
837 587
836 587
835 586
834 586
833 586
832 586
831 586
830 586
829 586
828 586
827 587
826 587
825 588
824 588
823 589
822 590
821 591
820 592
820 593
819 594
819 595
818 596
818 597
817 598
817 599
817 600
817 601
817 602
817 603
816 604
816 605
816 606
815 607
815 608
815 609
815 610
815 611
815 612
815 613
816 614
816 615
816 616
816 617
816 618
817 619
817 620
818 621
818 622
819 623
819 624
819 625
819 626
818 627
817 627
816 628
815 629
814 630
814 631
813 632
813 633
812 634
812 635
812 636
812 637
812 638
813 639
813 640
814 641
814 642
815 643
816 644
817 645
818 646
819 646
820 647
821 648
822 649
823 650
824 651
825 651
826 652
827 653
828 653
829 654
830 654
831 655
832 655
833 656
834 656
835 656
836 657
837 657
838 658
839 659
840 660
841 660
842 661
843 662
844 663
845 664
846 664
847 665
848 665
849 666
850 667
851 668
852 669
852 670
853 671
854 672
854 673
855 674
855 675
855 676
854 677
853 677
852 677
851 677
850 677
849 678
848 678
847 679
846 679
845 680
844 681
843 682
842 683
842 684
841 685
841 686
840 687
840 688
839 689
839 690
839 691
838 692
838 693
838 694
838 695
838 696
838 697
838 698
838 699
837 699
836 699
835 699
834 699
833 699
832 699
831 699
830 699
829 700
828 700
827 700
826 699
825 699
824 698
823 698
822 697
821 697
820 697
819 697
818 697
817 697
816 697
815 697
814 698
813 698
812 699
811 699
810 700
809 701
808 702
808 703
807 704
807 705
806 706
806 707
805 708
805 709
805 710
805 711
804 712
804 713
803 714
802 714
801 715
800 715
799 715
798 716
797 716
796 717
795 717
794 718
793 718
792 718
791 718
790 719
789 719
788 719
787 719
786 719
785 720
784 720
783 721
782 721
781 721
780 722
779 722
778 723
777 723
776 724
775 724
774 725
773 725
772 725
771 726
770 726
769 726
768 726
767 727
766 727
765 728
764 728
763 729
762 730
761 731
760 731
759 732
758 732
757 732
756 732
755 733
754 733
753 734
752 734
751 735
750 735
749 736
748 736
747 737
746 737
745 738
744 739
743 740
742 741
741 742
741 743
740 744
740 745
739 746
739 747
738 748
737 749
736 750
735 751
734 752
734 753
733 754
733 755
732 756
732 757
732 758
732 759
732 760
733 761
733 762
733 763
733 764
732 765
732 766
731 767
731 768
731 769
731 770
731 771
731 772
732 773
732 774
733 775
733 776
734 777
735 778
735 779
735 780
734 781
734 782
733 783
732 784
732 785
731 785
730 785
729 785
728 786
727 786
726 786
725 786
724 786
723 786
722 787
721 787
720 787
719 787
718 788
717 788
716 789
715 789
714 790
713 790
712 791
711 792
710 793
709 794
708 795
707 796
706 796
705 797
704 798
703 799
702 800
702 801
701 802
700 803
700 804
699 805
698 806
697 807
696 808
696 809
695 810
695 811
694 812
694 813
693 814
692 815
692 816
691 817
691 818
690 819
690 820
690 821
690 822
690 823
690 824
690 825
690 826
690 827
690 828
689 829
689 830
689 831
688 832
688 833
688 834
687 835
687 836
686 837
686 838
685 839
685 840
684 841
684 842
683 843
683 844
682 845
682 846
681 847
680 848
680 849
679 850
678 851
677 852
677 853
676 854
676 855
675 856
674 857
674 858
673 859
672 860
671 861
670 862
669 863
668 863
667 862
666 861
665 860
665 859
664 858
663 857
662 856
661 856
660 855
659 855
658 854
657 854
656 854
655 854
654 854
653 854
652 854
651 854
650 854
649 855
648 855
647 855
646 856
645 856
644 857
643 857
642 858
641 858
640 859
639 859
638 860
637 860
636 861
635 861
634 861
633 862
632 862
631 862
630 862
629 863
628 863
627 863
626 863
625 864
624 864
623 865
622 865
621 866
620 867
619 868
618 869
618 870
617 871
616 871
615 871
614 872
613 872
612 872
611 872
610 872
609 872
608 873
607 873
606 873
605 873
604 873
603 873
602 873
601 874
600 874
599 874
598 874
597 875
596 875
595 876
594 876
593 877
592 878
591 879
590 880
589 881
589 882
588 883
588 884
587 885
586 884
585 883
585 882
584 881
583 880
582 879
581 878
580 878
579 877
578 877
577 876
576 876
575 876
574 875
573 875
572 875
571 875
570 875
569 875
568 874
567 874
566 874
565 873
564 873
563 872
562 872
561 871
560 871
559 871
558 871
557 871
556 872
555 872
554 871
553 871
552 871
551 871
550 870
549 870
548 870
547 869
546 869
545 869
544 868
543 868
542 868
541 868
540 868
539 867
538 867
537 867
536 867
535 867
534 866
533 866
532 866
531 866
530 866
529 866
528 865
527 865
526 864
525 864
524 864
523 864
522 863
521 863
520 863
519 862
518 862
517 862
516 862
515 861
514 861
513 861
512 860
511 860
510 859
509 859
508 859
507 859
506 858
505 858
504 858
503 858
502 858
501 858
500 859
499 859
498 859
497 859
496 859
495 858
494 858
493 858
492 858
491 857
490 857
489 856
488 856
487 855
486 855
485 855
484 855
483 854
482 854
481 854
480 854
479 853
478 853
477 852
476 852
475 852
474 851
473 851
472 851
471 851
470 851
469 851
468 851
467 851
466 852
465 852
464 851
463 851
462 850
462 849
461 848
461 847
460 846
459 845
458 844
457 843
456 842
455 841
454 840
453 840
452 839
451 839
450 838
449 838
448 837
447 837
446 836
445 836
444 835
443 835
443 834
442 833
442 832
441 831
441 830
440 829
440 828
439 827
439 826
438 825
437 824
437 823
436 822
436 821
436 820
435 819
435 818
434 817
434 816
433 815
433 814
432 813
432 812
431 811
430 810
429 809
428 808
427 807
426 806
425 805
424 804
423 804
422 803
421 803
420 802
419 802
418 801
417 801
416 800
415 800
414 800
413 800
412 800
411 799
410 799
409 799
408 798
407 797
406 796
405 795
404 794
403 793
402 792
401 791
400 790
399 790
398 789
397 789
396 788
395 788
394 787
394 786
393 785
393 784
392 783
392 782
391 781
390 780
389 779
388 778
387 777
386 777
385 776
384 776
383 775
382 775
381 775
380 775
379 775
378 775
377 775
376 775
375 775
374 776
373 776
372 776
371 776
370 776
369 776
369 775
368 774
368 773
368 772
368 771
368 770
368 769
368 768
368 767
368 766
368 765
368 764
368 763
367 762
367 761
366 760
366 759
366 758
365 757
365 756
364 755
364 754
364 753
363 752
363 751
362 750
362 749
361 748
361 747
361 746
361 745
361 744
361 743
360 742
360 741
360 740
359 739
359 738
358 737
358 736
357 735
357 734
357 733
357 732
358 731
359 730
360 729
361 728
361 727
362 726
362 725
363 724
363 723
364 722
364 721
364 720
364 719
364 718
364 717
364 716
364 715
365 714
365 713
366 712
367 711
368 710
369 709
369 708
370 707
370 706
371 705
371 704
372 703
372 702
373 701
373 700
373 699
373 698
373 697
373 696
373 695
373 694
373 693
373 692
373 691
373 690
373 689
373 688
373 687
374 686
374 685
374 684
374 683
374 682
374 681
374 680
374 679
374 678
374 677
374 676
374 675
374 674
374 673
374 672
375 671
375 670
375 669
376 668
376 667
377 666
377 665
378 664
378 663
378 662
378 661
378 660
378 659
378 658
378 657
379 656
379 655
379 654
379 653
379 652
379 651
380 650
380 649
380 648
381 647
381 646
382 645
382 644
383 643
383 642
383 641
384 640
384 639
384 638
385 637
385 636
385 635
385 634
385 633
385 632
386 631
386 630
386 629
386 628
386 627
386 626
386 625
386 624
386 623
386 622
386 621
386 620
386 619
386 618
386 617
386 616
386 615
386 614
386 613
386 612
386 611
386 610
387 609
387 608
388 607
388 606
389 605
389 604
390 603
390 602
390 601
391 600
391 599
391 598
391 597
391 596
391 595
391 594
391 593
390 592
390 591
390 590
389 589
389 588
388 587
388 586
388 585
388 584
389 583
389 582
390 581
390 580
391 579
391 578
392 577
392 576
393 575
393 574
394 573
394 572
395 571
395 570
396 569
396 568
397 567
397 566
398 565
398 564
399 563
399 562
400 561
400 560
401 559
401 558
401 557
402 556
402 555
403 554
404 553
404 552
405 551
405 550
406 549
406 548
406 547
407 546
407 545
407 544
407 543
408 542
408 541
408 540
409 539
409 538
410 537
410 536
410 535
411 534
411 533
411 532
411 531
411 530
412 529
412 528
412 527
412 526
412 525
412 524
412 523
412 522
413 521
413 520
413 519
414 518
414 517
414 516
414 515
414 514
414 513
413 512
413 511
413 510
413 509
413 508
413 507
414 506
414 505
414 504
414 503
414 502
414 501
414 500
414 499
414 498
414 497
414 496
414 495
414 494
414 493
414 492
413 491
413 490
413 489
413 488
414 487
414 486
414 485
415 484
415 483
415 482
415 481
415 480
415 479
415 478
415 477
415 476
415 475
415 474
414 473
414 472
414 471
415 470
415 469
415 468
416 467
416 466
416 465
416 464
416 463
416 462
415 461
415 460
414 459
414 458
413 457
412 456
411 455
410 455
409 454
409 453
409 452
410 451
410 450
411 449
411 448
412 447
412 446
412 445
412 444
412 443
412 442
412 441
413 440
413 439
413 438
414 437
414 436
415 435
415 434
416 433
416 432
417 431
417 430
417 429
417 428
418 427
418 426
418 425
418 424
418 423
418 422
419 421
419 420
419 419
419 418
419 417
419 416
420 415
420 414
420 413
421 412
421 411
421 410
422 409
422 408
422 407
423 406
423 405
424 404
424 403
424 402
424 401
424 400
424 399
424 398
425 397
425 396
425 395
425 394
426 393
426 392
426 391
426 390
426 389
426 388
426 387
426 386
426 385
425 384
425 383
425 382
425 381
425 380
425 379
426 378
426 377
426 376
426 375
426 374
426 373
426 372
425 371
425 370
425 369
425 368
425 367
425 366
425 365
425 364
426 363
426 362
426 361
426 360
426 359
425 358
425 357
425 356
424 355
424 354
423 353
423 352
423 351
422 350
422 349
423 348
423 347
423 346
423 345
424 344
424 343
424 342
424 341
424 340
424 339
424 338
424 337
425 336
426 336
427 336
428 336
429 336
430 335
431 335
432 334
433 334
434 333
435 332
436 331
437 331
438 330
439 329
440 328
440 327
441 326
441 325
442 324
442 323
443 322
443 321
443 320
443 319
444 318
444 317
445 316
446 315
447 314
448 313
449 312
450 311
450 310
451 309
451 308
452 307
452 306
453 305
453 304
454 303
454 302
455 301
455 300
455 299
455 298
456 297
456 296
456 295
457 294
457 293
458 292
459 291
459 290
460 289
460 288
461 287
461 286
462 285
463 284
464 283
465 282
466 281
467 280
468 280
469 280
470 280
471 280
472 279
473 279
474 279
475 279
476 279
477 279
478 279
479 280
480 280
481 280
482 281
483 281
484 281
485 282
486 282
487 283
488 283
489 283
490 283
491 284
492 284
493 285
494 285
495 286
496 287
496 288
497 289
497 290
498 291
499 292
500 293
501 293
502 294
503 294
504 295
505 295
506 295
507 295
508 295
509 296
510 296
511 297
512 297
513 298
514 298
515 299
516 299
517 300
518 300
519 300
520 300
521 300
522 300
523 300
524 300
525 300
526 301
527 301
528 302
529 302
530 303
531 303
532 304
533 304
534 304
535 304
536 304
537 305
538 305
539 305
540 305
541 305
542 305
543 305
544 305
545 305
546 305
547 304
548 304
549 304
550 304
551 304
552 304
553 303
554 303
555 303
556 303
557 302
558 302
559 302
560 301
561 301
562 300
563 300
564 299
565 299
566 298
567 298
568 298
569 297
570 297
571 297
572 296
573 296
574 295
575 295
576 294
577 294
578 293
579 293
580 292
581 292
582 291
583 290
584 290
585 289
586 288
587 287
588 287
589 286
590 285
591 284
592 283
593 283
594 282
595 281
596 280
597 279
598 278
599 277
600 276
601 275
602 275
603 274
604 273
605 272
606 271
607 270
608 270
609 269
610 268
611 268
612 267
613 266
614 266
615 265
616 265
617 264
618 264
619 264
620 264
621 264
622 264
623 264
624 263
625 263
626 262
627 262
628 261
629 260
630 260
631 259
632 259
633 258
634 258
635 258
636 257
637 257
638 256
639 256
640 256
641 256
642 255
643 255
644 255
645 255
646 255
647 255
648 255
649 254
650 254
651 255
652 255
653 255
654 255
655 256
656 256
657 256
658 256
659 256
660 255
661 255
662 254
663 254
664 254
665 254