726 204
727 205
727 206
727 207
727 208
727 209
726 210
726 211
726 212
726 213
726 214
726 215
726 216
726 217
726 218
726 219
726 220
726 221
726 222
726 223
726 224
726 225
725 226
725 227
725 228
725 229
724 230
724 231
724 232
724 233
724 234
725 235
725 236
726 237
726 238
727 239
728 240
729 241
730 242
731 242
731 243
731 244
731 245
731 246
730 247
730 248
730 249
730 250
729 251
729 252
729 253
729 254
729 255
729 256
729 257
729 258
729 259
729 260
730 261
730 262
731 263
731 264
732 265
733 266
734 267
735 268
736 268
737 269
738 269
739 270
740 270
741 270
742 270
743 270
744 269
745 269
746 268
747 268
748 267
749 266
750 265
751 264
751 263
752 262
752 261
753 260
753 259
754 258
755 258
756 258
757 259
757 260
757 261
757 262
757 263
756 264
755 265
754 265
753 266
752 266
751 267
750 267
749 268
748 269
747 270
747 271
746 272
746 273
745 274
745 275
745 276
745 277
745 278
745 279
746 280
746 281
747 282
747 283
747 284
746 285
746 286
746 287
745 288
745 289
745 290
744 291
744 292
744 293
744 294
744 295
743 296
743 297
743 298
742 299
742 300
742 301
742 302
742 303
742 304
743 305
743 306
744 307
744 308
745 309
746 310
747 311
748 312
749 312
749 313
750 314
750 315
751 316
752 317
753 318
754 318
755 319
756 319
757 320
758 320
759 320
760 320
761 320
762 320
763 319
764 319
765 319
766 318
767 318
768 317
769 317
770 316
771 315
772 314
772 313
773 312
773 311
774 310
774 309
775 308
775 307
776 306
777 305
778 304
779 304
780 304
781 304
782 305
783 306
783 307
783 308
783 309
782 310
782 311
782 312
782 313
782 314
783 315
783 316
784 317
784 318
785 319
786 320
787 321
788 322
789 322
789 323
789 324
789 325
788 326
787 327
786 328
785 329
784 330
783 331
782 332
781 333
781 334
780 335
779 336
779 337
778 338
777 339
777 340
776 341
776 342
775 343
775 344
775 345
775 346
775 347
775 348
774 349
774 350
774 351
774 352
774 353
774 354
774 355
773 356
773 357
773 358
773 359
772 360
772 361
772 362
771 363
771 364
771 365
771 366
770 367
770 368
770 369
769 370
769 371
769 372
769 373
768 374
768 375
768 376
768 377
768 378
767 379
767 380
767 381
767 382
767 383
767 384
767 385
767 386
767 387
767 388
766 389
766 390
766 391
766 392
766 393
766 394
766 395
766 396
766 397
766 398
766 399
766 400
766 401
766 402
766 403
766 404
766 405
766 406
766 407
766 408
767 409
767 410
768 411
768 412
769 413
769 414
770 415
770 416
771 417
771 418
771 419
772 420
772 421
772 422
772 423
773 424
773 425
774 426
774 427
775 428
776 429
777 430
778 430
779 431
780 432
781 432
782 433
783 434
784 435
784 436
785 437
785 438
786 439
786 440
787 441
788 442
789 443
790 444
790 445
790 446
790 447
790 448
791 449
791 450
792 451
792 452
793 453
793 454
794 455
795 456
796 457
796 458
797 459
798 460
799 461
800 461
801 462
802 463
803 463
804 464
805 465
805 466
805 467
804 468
803 468
802 469
801 469
800 470
799 471
798 472
797 473
796 474
795 475
794 476
793 476
792 477
791 478
790 479
789 480
789 481
788 482
788 483
787 484
787 485
787 486
787 487
787 488
788 489
788 490
789 491
789 492
790 493
791 494
791 495
791 496
792 497
792 498
792 499
793 500
793 501
793 502
793 503
792 504
792 505
791 506
791 507
791 508
790 509
789 510
788 511
787 512
786 513
785 514
785 515
784 516
784 517
783 518
783 519
783 520
783 521
783 522
783 523
784 524
784 525
785 526
785 527
786 528
787 529
788 530
789 531
789 532
790 533
791 534
792 535
793 536
794 537
794 538
794 539
795 540
795 541
795 542
795 543
795 544
795 545
795 546
795 547
795 548
795 549
795 550
795 551
795 552
794 553
793 554
792 555
791 556
790 557
790 558
789 559
789 560
788 561
788 562
787 563
787 564
787 565
787 566
787 567
787 568
788 569
788 570
789 571
789 572
790 573
791 574
792 575
793 575
794 576
795 576
795 577
795 578
795 579
795 580
794 581
793 582
792 583
791 584
791 585
790 586
789 587
789 588
788 589
788 590
787 591
787 592
787 593
786 594
786 595
785 596
785 597
784 598
784 599
784 600
784 601
784 602
784 603
784 604
784 605
784 606
784 607
784 608
784 609
784 610
784 611
784 612
784 613
784 614
784 615
784 616
784 617
783 618
783 619
782 620
781 621
780 622
780 623
779 624
779 625
778 626
778 627
777 628
777 629
777 630
776 631
775 631
774 632
773 633
772 634
772 635
771 636
771 637
770 638
770 639
770 640
769 641
769 642
768 643
767 644
766 645
765 646
764 647
764 648
763 649
762 650
761 651
760 652
760 653
759 654
759 655
758 656
758 657
758 658
757 659
757 660
757 661
757 662
756 663
756 664
756 665
756 666
755 667
755 668
755 669
754 670
754 671
754 672
754 673
753 674
753 675
753 676
753 677
753 678
752 679
752 680
751 681
751 682
750 683
750 684
749 685
749 686
748 687
748 688
748 689
748 690
748 691
748 692
748 693
748 694
748 695
748 696
748 697
748 698
749 699
749 700
750 701
750 702
750 703
751 704
751 705
751 706
750 707
750 708
750 709
749 710
748 711
747 712
746 713
745 713
744 714
743 715
742 716
742 717
741 718
741 719
740 720
740 721
739 722
738 723
738 724
737 725
737 726
736 727
736 728
736 729
736 730
735 731
734 731
733 732
732 733
731 734
730 735
729 736
729 737
728 738
728 739
727 740
727 741
727 742
727 743
726 744
725 745
724 746
723 747
722 747
721 748
720 749
719 750
719 751
718 752
718 753
717 754
717 755
716 756
716 757
715 758
715 759
715 760
715 761
715 762
715 763
714 764
714 765
714 766
714 767
714 768
714 769
714 770
714 771
714 772
714 773
714 774
714 775
714 776
714 777
714 778
714 779
714 780
714 781
713 782
713 783
713 784
712 785
711 785
710 785
709 785
708 785
707 786
706 786
705 787
704 787
703 788
702 789
701 790
700 790
699 790
698 791
697 791
696 791
695 791
694 791
693 791
692 792
691 792
690 792
689 793
688 793
687 793
686 794
685 794
684 795
683 795
682 796
681 797
680 798
680 799
679 800
678 801
678 802
677 803
677 804
676 805
676 806
675 807
674 808
674 809
673 810
673 811
672 812
671 813
670 814
670 815
669 816
669 817
668 818
668 819
668 820
668 821
668 822
668 823
668 824
668 825
668 826
667 827
667 828
666 829
666 830
665 831
665 832
664 833
663 833
662 834
661 835
660 835
659 836
658 836
657 836
656 836
655 836
654 836
653 836
652 836
651 836
650 836
649 835
648 834
647 833
646 832
645 832
644 831
643 831
642 830
641 830
640 830
639 829
639 828
639 827
638 826
638 825
637 824
637 823
636 822
635 821
634 820
633 819
632 819
631 818
630 817
629 816
629 815
628 814
628 813
627 812
627 811
626 810
626 809
625 808
625 807
624 806
624 805
624 804
624 803
624 802
624 801
623 800
623 799
623 798
623 797
623 796
623 795
622 794
622 793
622 792
621 791
621 790
620 789
620 788
619 787
619 786
618 785
617 784
617 783
616 782
616 781
616 780
616 779
616 778
616 777
616 776
616 775
616 774
616 773
616 772
616 771
616 770
616 769
616 768
616 767
616 766
616 765
615 764
615 763
615 762
615 761
615 760
614 759
614 758
614 757
614 756
614 755
614 754
614 753
614 752
614 751
615 750
615 749
615 748
616 747
616 746
616 745
616 744
616 743
616 742
616 741
616 740
616 739
616 738
615 737
615 736
614 735
614 734
613 733
613 732
612 731
611 730
610 729
609 728
609 727
608 726
608 725
608 724
608 723
608 722
607 721
607 720
606 719
606 718
606 717
606 716
606 715
605 714
605 713
605 712
605 711
605 710
606 709
606 708
606 707
606 706
606 705
606 704
605 703
605 702
604 701
604 700
603 699
603 698
602 697
602 696
602 695
603 694
604 694
605 693
606 692
607 691
607 690
608 689
608 688
609 687
609 686
609 685
609 684
609 683
609 682
609 681
608 680
608 679
608 678
608 677
608 676
608 675
607 674
607 673
606 672
606 671
605 670
605 669
604 668
603 667
603 666
602 665
601 664
600 663
599 662
598 661
597 660
597 659
596 658
596 657
595 656
595 655
595 654
595 653
595 652
595 651
595 650
595 649
595 648
594 647
594 646
593 645
593 644
592 643
591 642
590 641
589 641
588 640
587 640
586 639
585 639
585 638
585 637
585 636
584 635
584 634
583 633
583 632
582 631
581 630
580 629
579 628
578 628
577 627
576 627
575 626
574 626
573 625
572 625
571 624
570 624
569 624
568 624
567 623
566 623
565 623
564 622
564 621
563 620
562 619
561 618
561 617
560 616
560 615
560 614
560 613
561 612
561 611
562 610
562 609
562 608
562 607
562 606
561 605
561 604
560 603
560 602
559 601
559 600
558 599
557 598
557 597
556 596
555 595
555 594
554 593
554 592
554 591
554 590
554 589
554 588
554 587
554 586
554 585
554 584
554 583
554 582
554 581
553 580
553 579
552 578
552 577
551 576
551 575
550 574
550 573
549 572
549 571
548 570
547 569
547 568
546 567
545 566
545 565
544 564
543 563
543 562
542 561
541 560
540 559
539 559
539 558
538 557
537 556
537 555
536 554
536 553
535 552
534 551
534 550
533 549
532 548
531 547
530 546
529 545
528 544
527 543
526 542
525 541
524 540
523 539
523 538
522 537
522 536
521 535
520 534
520 533
519 532
518 531
517 530
516 529
516 528
515 527
514 526
513 525
512 524
511 523
510 522
509 521
508 521
507 520
506 519
505 518
504 518
503 517
502 516
501 515
500 515
499 514
498 513
497 512
496 512
495 511
494 510
493 509
492 508
491 507
490 506
489 505
488 504
487 503
486 502
485 502
484 501
483 500
482 499
481 499
480 498
479 498
478 497
477 497
476 496
475 496
474 495
473 495
472 494
471 494
470 493
469 493
468 492
467 491
466 491
465 490
464 489
463 489
462 488
461 488
460 487
459 487
458 486
457 486
456 486
455 485
454 485
453 485
452 484
451 484
450 484
449 484
448 484
447 483
446 483
445 483
444 483
443 483
442 483
441 483
440 483
439 483
438 482
437 482
436 481
435 480
434 479
434 478
433 477
433 476
432 475
431 474
430 473
429 473
428 472
427 472
426 471
425 471
424 470
423 470
423 469
422 468
422 467
421 466
421 465
420 464
419 463
418 462
417 461
416 460
415 460
414 459
413 458
412 458
411 457
410 457
409 456
408 456
407 455
406 455
405 455
404 455
403 455
402 455
401 454
400 454
399 454
398 453
397 453
396 452
395 451
394 450
393 449
392 448
391 447
390 446
389 445
389 444
388 443
387 442
386 441
385 440
384 439
383 438
383 437
383 436
383 435
383 434
383 433
384 432
384 431
385 430
385 429
386 428
386 427
386 426
386 425
386 424
386 423
386 422
386 421
385 420
385 419
386 418
387 417
388 416
389 415
390 414
390 413
391 412
391 411
392 410
392 409
393 408
393 407
393 406
393 405
393 404
394 403
394 402
395 401
396 401
397 400
398 399
399 399
400 398
401 397
402 396
402 395
403 394
403 393
404 392
404 391
404 390
404 389
404 388
404 387
404 386
403 385
403 384
402 383
402 382
402 381
402 380
402 379
403 378
404 378
405 378
406 377
407 377
408 377
409 377
410 377
411 377
412 377
413 377
414 377
415 377
416 376
417 376
418 375
419 375
420 374
421 373
422 372
423 371
424 370
425 369
425 368
426 367
426 366
427 365
427 364
428 364
429 364
430 364
431 364
432 364
433 364
434 364
435 364
436 364
437 364
438 363
439 363
440 362
441 362
442 361
443 360
444 359
445 358
446 357
447 356
448 355
449 354
450 353
451 352
451 351
452 350
453 349
454 348
454 347
455 346
455 345
456 344
457 343
458 342
459 341
460 340
461 339
461 338
462 337
462 336
463 335
463 334
463 333
464 332
465 331
466 331
467 330
468 331
469 331
470 331
471 332
472 332
473 333
474 334
475 335
476 335
477 336
478 336
479 337
480 337
481 337
482 337
483 337
484 337
485 337
486 337
487 337
488 337
489 337
490 337
491 337
492 337
493 337
494 337
495 337
496 336
497 336
498 335
499 335
500 335
501 335
502 335
503 336
504 336
505 337
506 338
507 339
507 340
508 341
509 342
509 343
510 344
510 345
511 346
511 347
512 348
513 349
514 350
515 351
516 351
517 352
518 352
519 353
520 353
521 353
522 353
523 353
524 353
525 353
526 353
527 353
528 353
529 354
530 354
531 354
532 354
533 354
534 355
535 355
536 355
537 355
538 355
539 355
540 355
541 354
542 354
543 354
544 354
545 353
546 353
547 352
548 352
549 351
550 350
551 350
552 349
553 349
554 349
555 349
556 349
557 348
558 348
559 348
560 348
561 347
562 347
563 347
564 346
565 346
566 346
567 345
568 345
569 344
570 344
571 343
572 343
573 342
574 342
575 341
576 341
577 340
578 340
579 339
580 339
581 338
582 337
583 337
584 336
585 335
586 335
587 334
588 333
589 333
590 332
591 331
592 331
593 330
594 330
595 329
596 328
597 328
598 327
599 326
600 326
601 325
602 324
603 324
604 323
605 322
606 322
607 321
608 320
609 319
610 319
611 318
612 317
613 316
614 315
615 315
616 314
617 313
618 312
619 311
620 311
621 310
622 309
623 308
624 307
625 307
626 306
627 305
628 304
629 303
630 302
631 301
632 300
632 299
633 298
634 297
635 296
636 295
637 294
638 293
638 292
639 291
640 290
641 289
642 288
643 287
644 286
645 285
646 284
647 284
648 283
649 282
650 281
651 280
652 279
653 278
653 277
654 276
655 275
656 274
657 273
657 272
658 271
659 270
660 269
661 269
662 268
663 267
664 266
665 265
666 264
667 263
668 262
669 261
669 260
670 259
670 258
671 257
671 256
672 255
673 254
674 253
674 252
675 251
676 250
677 250
678 249
679 248
680 248
681 247
682 247
683 246
684 246
685 245
686 244
687 243
688 242
689 241
689 240
690 239
690 238
691 237
692 236
692 235
693 235
694 234
695 235
696 236
697 237
698 237
699 238
700 238
701 239
702 239
703 239
704 239
705 239
706 239
707 238
708 238
709 237
710 237
711 236
712 235
713 234
714 233
714 232
715 231
715 230
716 229
716 228
716 227
716 226
716 225
716 224
717 223
717 222
717 221
717 220
717 219
717 218
717 217
718 216
718 215
718 214
718 213
718 212
719 211
719 210
720 209
720 208
721 207
722 206
722 205
723 205
724 204
725 204