300 222
301 223
302 224
302 225
303 226
304 227
304 228
305 229
306 230
307 231
308 232
309 233
310 234
311 235
312 236
313 237
314 238
315 239
316 239
317 240
318 240
319 241
320 241
321 241
322 242
323 242
324 243
325 244
326 245
327 246
328 247
329 248
329 249
330 250
330 251
331 252
332 253
333 254
334 254
335 255
336 255
337 256
338 256
339 256
340 256
341 256
342 255
343 255
344 254
345 254
346 253
347 252
348 251
348 250
349 249
349 248
350 247
350 246
351 245
351 244
352 244
353 244
354 243
355 243
356 243
357 243
358 243
359 243
360 243
361 242
362 242
363 241
364 241
365 240
366 239
367 238
368 237
368 236
369 235
369 234
370 233
370 232
371 231
372 230
373 231
374 231
375 232
375 233
376 234
376 235
377 236
377 237
378 238
379 239
380 240
381 240
382 241
383 241
384 242
385 242
386 242
387 242
388 242
389 241
390 241
391 241
392 241
393 242
394 243
395 244
395 245
396 246
396 247
397 248
398 249
399 250
400 250
401 251
402 251
403 252
404 252
405 252
406 252
407 252
408 252
409 252
410 251
411 251
412 250
413 250
414 249
415 248
416 247
416 246
417 245
417 244
418 244
419 243
420 243
421 244
422 244
423 244
424 245
425 246
426 247
427 248
428 249
429 250
430 250
431 251
432 251
433 252
434 252
435 252
436 252
437 252
438 252
439 251
440 251
441 250
442 250
443 249
444 249
445 249
446 249
447 249
448 249
449 249
450 249
451 249
452 249
453 249
454 249
455 249
455 250
456 251
456 252
457 253
457 254
457 255
456 256
456 257
456 258
456 259
456 260
456 261
456 262
457 263
457 264
458 265
458 266
459 267
460 268
461 269
462 269
463 270
464 270
465 271
466 271
467 271
468 272
469 272
470 272
471 273
472 273
473 273
474 274
475 274
476 274
477 275
478 275
479 276
480 276
481 277
482 277
483 278
484 278
485 278
486 278
487 278
488 278
489 278
490 278
491 277
492 277
493 277
494 277
495 277
496 277
497 278
498 278
499 278
500 278
501 278
502 278
503 278
504 278
505 277
506 277
507 277
508 277
509 277
510 277
511 277
512 277
513 277
514 277
515 277
516 277
517 277
518 277
519 277
520 277
521 277
522 277
523 276
524 276
525 276
526 276
527 276
528 276
529 275
530 275
531 275
532 274
533 274
534 274
535 274
536 274
537 274
538 274
539 274
540 274
541 275
542 276
543 276
544 277
545 277
546 278
547 278
548 278
549 278
550 278
551 277
552 277
553 276
554 276
555 275
556 275
557 274
558 274
559 274
560 273
561 273
562 273
563 272
564 272
565 272
566 272
567 273
568 273
569 274
570 274
571 275
572 276
573 277
573 278
574 279
574 280
575 281
575 282
576 283
577 284
578 285
578 286
579 287
580 288
581 289
582 290
583 291
584 291
585 292
586 292
587 293
588 293
589 293
590 293
591 293
592 292
593 292
594 292
595 292
596 293
597 293
598 294
598 295
599 296
599 297
600 298
601 299
602 300
603 301
604 301
605 302
606 302
607 303
608 303
609 303
610 303
611 304
612 304
613 305
614 305
615 306
616 306
617 306
618 306
619 306
620 306
621 305
622 305
623 305
624 306
625 307
626 308
627 309
628 309
629 310
630 310
631 311
632 311
633 311
634 311
635 311
636 311
637 311
638 311
639 311
640 310
641 311
642 311
643 312
644 313
645 313
646 314
647 315
648 316
649 316
650 317
651 318
652 319
653 320
654 321
655 322
656 322
657 323
658 323
659 324
660 324
661 324
662 324
663 324
664 324
665 323
666 323
667 322
668 322
669 321
670 320
671 320
672 320
673 321
674 321
675 322
676 322
677 323
678 323
679 323
680 323
681 323
682 323
683 322
684 322
685 321
686 321
687 320
688 319
689 318
689 317
690 316
690 315
691 314
691 313
692 312
693 312
694 312
695 313
696 314
696 315
697 316
698 317
698 318
699 319
700 320
701 321
702 322
703 323
704 324
705 324
706 325
707 325
708 326
709 326
710 326
711 327
711 328
712 329
713 330
713 331
714 332
714 333
715 334
715 335
716 336
716 337
716 338
717 339
717 340
717 341
717 342
717 343
717 344
717 345
717 346
718 347
718 348
718 349
718 350
718 351
719 352
719 353
720 354
720 355
721 356
721 357
722 358
723 359
724 360
724 361
724 362
724 363
724 364
724 365
724 366
724 367
724 368
724 369
724 370
724 371
725 372
725 373
725 374
726 375
726 376
726 377
727 378
727 379
727 380
728 381
728 382
728 383
729 384
729 385
730 386
730 387
731 388
731 389
732 390
732 391
732 392
733 393
733 394
734 395
734 396
735 397
735 398
736 399
737 400
738 401
739 402
740 403
741 403
742 404
742 405
743 406
744 407
744 408
745 409
745 410
745 411
745 412
745 413
745 414
746 415
746 416
746 417
746 418
746 419
746 420
746 421
746 422
746 423
747 424
747 425
748 426
748 427
749 428
750 429
750 430
751 431
752 432
752 433
753 434
753 435
753 436
754 437
754 438
754 439
755 440
755 441
755 442
755 443
756 444
756 445
757 446
757 447
758 448
759 449
759 450
760 451
760 452
761 453
761 454
762 455
762 456
763 457
763 458
764 459
764 460
765 461
766 462
766 463
767 464
768 465
768 466
769 467
770 468
770 469
771 470
772 471
772 472
773 473
774 474
775 475
776 476
777 477
778 478
779 479
780 480
781 480
781 481
782 482
782 483
783 484
783 485
784 486
784 487
785 488
786 489
787 490
788 490
789 491
790 491
791 492
792 492
793 492
794 492
795 492
796 491
797 491
798 490
799 490
800 491
801 492
802 493
803 493
804 494
805 494
806 495
807 495
808 495
809 495
810 495
811 496
812 497
813 497
814 498
815 499
816 500
817 501
818 502
819 503
820 504
821 505
821 506
822 507
823 508
824 509
825 510
826 510
827 511
828 511
829 512
830 512
831 513
832 514
833 515
834 515
835 516
836 517
837 518
838 518
839 519
840 520
841 520
842 521
843 522
844 523
845 524
846 524
847 525
848 525
849 526
850 526
851 526
852 526
853 526
854 525
855 525
856 524
857 525
858 525
859 526
860 526
861 527
861 528
862 529
862 530
862 531
863 532
863 533
863 534
863 535
863 536
864 537
864 538
864 539
864 540
864 541
865 542
865 543
866 544
866 545
867 546
867 547
868 548
869 549
870 550
871 551
872 552
872 553
873 554
873 555
874 556
875 557
876 558
877 559
878 559
879 560
880 560
881 561
882 561
883 562
884 562
885 563
886 564
886 565
887 566
888 567
889 568
890 569
891 570
892 571
893 571
894 572
895 572
896 573
897 573
898 573
899 573
900 573
901 573
902 574
903 574
904 575
905 575
906 576
907 577
907 578
908 579
909 580
910 581
911 582
911 583
912 584
912 585
913 586
913 587
913 588
914 589
914 590
914 591
914 592
914 593
914 594
914 595
915 596
915 597
915 598
915 599
915 600
915 601
915 602
915 603
915 604
915 605
915 606
915 607
915 608
915 609
915 610
915 611
914 612
914 613
914 614
914 615
914 616
914 617
915 618
915 619
915 620
915 621
915 622
915 623
915 624
915 625
916 626
916 627
917 628
917 629
918 630
918 631
919 632
919 633
920 634
921 635
922 636
923 637
924 637
925 638
926 638
927 639
928 639
929 640
930 640
931 641
932 641
933 642
934 643
934 644
935 645
935 646
936 647
937 648
938 649
939 650
940 651
941 651
942 652
943 652
944 653
945 653
946 654
947 655
948 656
949 657
949 658
950 659
950 660
950 661
950 662
951 663
951 664
952 665
952 666
953 667
954 668
955 669
955 670
955 671
955 672
954 673
954 674
954 675
954 676
954 677
954 678
955 679
955 680
955 681
956 682
956 683
956 684
956 685
956 686
957 687
957 688
957 689
958 690
958 691
958 692
959 693
959 694
960 695
960 696
961 697
962 698
963 699
964 699
965 700
966 700
967 701
968 701
969 701
970 701
971 702
972 702
973 702
974 703
975 703
976 704
977 704
978 704
979 705
980 705
981 705
982 705
983 706
984 706
985 706
986 706
987 707
988 707
989 708
989 709
989 710
988 711
988 712
987 713
987 714
987 715
987 716
986 717
986 718
986 719
985 720
985 721
984 722
984 723
984 724
984 725
983 726
983 727
983 728
983 729
983 730
983 731
984 732
984 733
984 734
985 735
985 736
986 737
986 738
987 739
987 740
988 741
988 742
988 743
988 744
989 745
989 746
990 747
990 748
991 749
991 750
992 751
992 752
992 753
993 754
993 755
993 756
994 757
994 758
995 759
995 760
996 761
996 762
997 763
998 764
999 765
1000 766
1001 767
1002 767
1003 768
1004 769
1005 770
1006 771
1007 772
1008 773
1008 774
1008 775
1008 776
1007 776
1006 777
1005 778
1004 779
1003 780
1003 781
1002 782
1002 783
1001 784
1001 785
1001 786
1001 787
1001 788
1001 789
1000 790
1000 791
1000 792
1000 793
1000 794
1000 795
1000 796
999 797
998 798
997 799
996 799
995 800
994 801
993 802
992 803
992 804
991 805
991 806
990 807
990 808
990 809
990 810
990 811
990 812
990 813
990 814
990 815
990 816
991 817
991 818
991 819
991 820
991 821
990 822
989 823
988 824
987 825
986 826
985 826
984 827
983 827
982 828
981 829
980 830
979 831
978 832
977 833
976 834
976 835
975 836
974 837
973 838
972 839
971 840
970 841
969 842
968 843
967 844
966 845
965 846
964 846
963 846
962 846
961 846
960 846
959 846
958 846
957 845
956 845
955 845
954 845
953 845
952 845
951 845
950 845
949 845
948 845
947 846
946 846
945 846
944 846
943 846
942 846
941 847
940 847
939 848
938 848
937 849
936 849
935 850
934 851
933 851
932 852
931 852
930 852
929 852
928 852
927 852
926 852
925 853
924 853
923 854
922 854
921 855
920 855
919 856
918 856
917 855
916 855
915 854
915 853
914 852
914 851
913 850
913 849
912 848
912 847
911 846
910 845
909 844
908 844
907 843
906 843
905 842
904 842
903 841
902 841
901 841
900 841
899 841
898 841
897 841
896 841
895 842
894 842
893 843
892 843
891 844
890 845
889 846
888 847
888 848
887 849
887 850
886 851
886 852
886 853
886 854
885 855
884 856
883 857
883 858
882 859
881 860
880 861
879 862
878 862
877 863
876 863
875 864
874 865
873 866
872 867
871 868
871 869
870 869
869 870
868 870
867 870
866 870
865 869
864 868
863 868
863 867
862 866
861 865
861 864
861 863
860 862
860 861
859 860
859 859
858 858
857 857
857 856
856 855
855 854
854 853
853 852
852 851
851 851
850 850
849 850
848 849
847 849
846 849
845 849
844 849
843 849
842 849
841 849
840 849
839 849
838 849
837 849
836 850
835 850
834 851
833 851
832 852
831 852
830 853
829 854
828 855
827 856
826 857
826 858
825 859
825 860
824 861
824 862
823 863
823 864
823 865
822 866
822 867
822 868
822 869
821 870
821 871
821 872
821 873
821 874
821 875
821 876
820 877
820 878
819 878
818 877
817 877
816 877
815 876
814 876
813 876
812 876
811 876
810 876
809 876
808 877
807 877
806 877
805 878
804 878
803 879
802 879
801 880
800 880
799 881
798 882
797 883
796 884
796 885
795 886
794 886
793 886
792 886
791 885
790 885
789 885
788 885
787 885
786 885
785 885
784 885
783 885
782 886
781 886
780 887
779 887
778 888
777 889
776 890
775 891
775 892
774 893
773 894
773 895
772 895
771 895
770 894
769 893
768 892
767 892
766 891
765 891
764 890
763 889
762 888
761 887
761 886
760 885
759 884
758 883
757 882
756 882
755 881
754 881
753 880
752 880
751 880
750 879
749 878
748 877
747 876
746 875
745 875
744 874
743 874
742 873
741 873
740 872
739 872
738 871
737 871
736 870
735 870
734 870
733 870
732 869
731 868
730 867
729 866
728 865
727 865
726 864
725 864
724 863
723 863
722 863
721 863
720 863
719 863
718 863
717 863
716 863
715 863
714 862
713 862
712 861
711 861
710 860
709 859
708 858
707 857
706 856
706 855
705 854
704 853
703 852
702 851
701 850
700 849
699 849
698 848
697 847
696 846
695 846
694 845
693 845
692 844
691 844
690 844
689 844
688 844
687 843
686 843
685 842
684 841
683 841
682 840
681 839
680 838
679 837
678 837
677 836
676 836
675 835
674 835
673 835
672 835
671 835
670 835
669 836
668 836
667 836
666 835
666 834
666 833
666 832
666 831
666 830
665 829
665 828
664 827
664 826
663 825
662 824
662 823
661 822
661 821
660 820
660 819
659 818
659 817
658 816
657 815
656 814
655 813
654 812
653 811
652 810
651 809
650 809
649 808
648 808
647 807
646 807
645 806
644 806
643 805
642 805
641 805
640 805
639 805
638 805
637 805
636 805
635 804
634 804
633 803
632 802
631 802
630 801
629 800
628 799
627 798
626 797
625 796
624 795
623 794
622 793
621 793
620 792
619 791
618 790
617 789
616 789
615 788
614 788
613 787
612 787
611 786
610 786
609 786
608 785
607 785
606 785
605 784
604 784
603 783
602 783
601 782
600 782
599 782
598 781
597 781
596 781
595 781
594 780
593 780
592 780
591 780
590 780
589 780
588 780
587 780
586 780
585 780
584 780
583 780
582 781
581 780
580 780
579 779
578 779
577 778
576 777
575 777
574 776
573 775
572 775
571 774
570 774
569 773
568 772
567 771
566 770
565 769
564 768
563 767
562 767
561 766
560 765
559 764
558 763
557 763
556 762
555 761
554 761
553 760
552 760
551 759
550 759
549 759
548 758
547 757
546 757
545 756
544 756
543 755
542 755
541 754
540 754
539 754
538 754
537 754
536 753
535 753
534 753
533 753
532 752
532 751
531 750
530 749
530 748
529 747
529 746
528 745
527 744
526 743
525 742
524 741
523 741
522 740
521 739
520 738
520 737
519 736
518 735
518 734
517 733
516 732
515 731
514 730
513 729
512 728
511 727
510 727
509 726
508 725
507 725
506 724
505 724
504 723
503 722
502 721
501 721
500 720
499 719
498 718
497 718
496 717
495 716
494 716
493 715
492 714
491 714
490 713
489 713
488 712
487 712
486 711
485 710
484 710
483 709
482 709
481 708
480 708
479 707
478 707
477 706
476 706
475 705
474 705
473 705
472 704
471 704
470 703
469 703
468 702
467 702
466 701
465 701
464 700
463 700
462 700
461 700
460 699
459 699
458 698
457 698
456 697
455 696
454 696
453 695
452 695
451 694
450 694
449 693
448 693
447 693
446 692
445 692
444 691
443 691
442 690
441 690
440 689
439 689
438 688
437 687
436 687
435 686
434 686
433 685
432 684
431 683
430 683
429 682
428 681
427 680
426 679
425 678
424 677
423 676
422 676
421 675
420 674
419 673
418 672
417 672
416 671
415 670
414 669
413 669
412 668
411 667
410 667
409 666
408 665
407 664
406 664
405 663
404 662
403 661
402 661
401 660
400 659
399 659
398 658
397 658
396 657
395 656
394 656
393 655
392 654
391 654
390 653
389 652
388 652
387 651
386 651
385 650
384 649
383 649
382 648
381 647
380 647
379 646
378 646
377 645
376 644
375 644
374 643
373 643
372 642
371 641
370 641
369 640
368 639
367 639
366 638
365 638
364 637
363 637
362 637
361 637
360 637
359 637
359 636
359 635
359 634
359 633
359 632
358 631
358 630
357 629
357 628
356 627
355 626
354 625
353 624
352 624
351 623
350 622
349 621
348 620
347 619
346 618
345 617
344 616
343 615
342 614
341 613
340 612
339 611
338 611
337 610
336 609
335 608
334 607
334 606
333 605
333 604
333 603
334 602
334 601
334 600
334 599
334 598
333 597
333 596
332 595
332 594
331 593
330 592
329 591
328 590
327 589
326 588
325 587
324 586
323 585
322 584
321 583
320 582
319 581
318 580
317 579
316 579
315 578
314 577
313 576
312 575
311 574
310 574
309 573
308 572
307 571
306 571
305 570
304 570
303 569
302 569
301 569
300 568
299 568
298 567
297 567
296 567
295 566
294 566
293 565
292 565
291 564
290 564
289 564
288 563
287 563
286 562
285 562
284 562
283 561
282 561
281 560
280 559
279 558
278 557
278 556
278 555
277 554
277 553
277 552
276 551
276 550
275 549
275 548
274 547
273 546
272 545
271 544
270 543
269 542
268 541
267 540
266 539
265 538
264 538
263 537
262 536
261 536
260 535
259 534
258 534
257 533
256 533
255 532
254 532
253 531
252 530
251 530
250 529
249 528
249 527
248 526
247 525
247 524
247 523
247 522
247 521
248 520
248 519
249 518
249 517
250 516
250 515
250 514
250 513
250 512
250 511
249 510
249 509
248 508
248 507
247 506
247 505
246 504
245 503
245 502
245 501
244 500
244 499
244 498
244 497
244 496
244 495
244 494
244 493
244 492
244 491
244 490
244 489
244 488
244 487
244 486
244 485
243 484
243 483
243 482
244 481
244 480
245 479
246 478
247 477
248 477
249 476
250 476
251 475
252 474
253 473
253 472
254 471
254 470
255 469
255 468
255 467
255 466
255 465
254 464
254 463
253 462
253 461
252 460
251 459
250 458
249 458
248 457
247 457
246 456
245 455
245 454
244 453
244 452
243 451
243 450
243 449
243 448
243 447
243 446
244 445
244 444
245 443
246 442
246 441
247 440
247 439
248 438
248 437
248 436
249 435
249 434
249 433
250 432
250 431
251 430
252 429
253 428
254 427
254 426
255 425
255 424
256 423
256 422
257 421
257 420
257 419
257 418
257 417
257 416
256 415
256 414
256 413
256 412
256 411
255 410
255 409
255 408
255 407
254 406
254 405
254 404
254 403
253 402
253 401
253 400
252 399
252 398
252 397
251 396
251 395
250 394
250 393
249 392
248 391
248 390
247 389
246 388
245 387
244 386
244 385
243 384
242 383
241 382
241 381
240 380
240 379
240 378
240 377
240 376
239 375
239 374
239 373
239 372
238 371
238 370
237 369
237 368
236 367
236 366
235 365
234 364
233 363
232 362
231 361
230 361
229 360
228 359
227 358
226 357
227 356
228 356
229 355
230 355
231 354
232 354
233 353
234 352
235 351
236 350
236 349
237 348
237 347
238 346
238 345
238 344
238 343
238 342
237 341
237 340
236 339
236 338
235 337
234 336
233 335
232 334
231 333
231 332
231 331
231 330
231 329
231 328
231 327
231 326
231 325
231 324
231 323
231 322
231 321
231 320
231 319
231 318
230 317
230 316
230 315
229 314
229 313
228 312
228 311
227 310
226 309
225 308
224 307
223 306
222 306
221 305
220 305
219 304
218 304
217 303
216 303
215 302
214 301
213 300
212 299
212 298
212 297
212 296
212 295
212 294
213 293
213 292
214 291
214 290
215 289
215 288
215 287
216 286
216 285
216 284
216 283
216 282
215 281
215 280
215 279
214 278
214 277
215 276
216 275
217 275
218 275
219 275
220 275
221 275
222 276
223 276
224 276
225 276
226 276
227 276
228 276
229 276
230 275
231 275
232 274
233 274
234 273
235 272
236 271
236 270
237 269
237 268
238 267
238 266
238 265
238 264
238 263
237 262
237 261
236 260
236 259
235 258
235 257
234 256
233 255
233 254
233 253
233 252
234 251
235 251
236 251
237 251
238 250
239 250
240 249
241 249
242 248
243 247
244 247
245 246
246 245
247 244
248 243
249 242
250 241
251 240
252 240
253 240
254 240
255 240
256 240
257 240
258 240
259 241
260 242
261 243
262 244
263 245
264 245
265 246
266 246
267 247
268 247
269 247
270 247
271 247
272 247
273 247
274 247
275 247
276 247
277 247
278 246
279 246
280 245
281 245
282 244
283 244
284 243
285 242
286 241
287 240
287 239
288 238
288 237
289 236
289 235
290 234
290 233
291 232
291 231
292 230
292 229
293 228
293 227
294 226
295 225
295 224
296 223
297 222
298 222
299 222