554 21
554 22
554 23
555 24
555 25
555 26
555 27
555 28
555 29
556 30
556 31
557 32
557 33
558 34
559 35
560 36
561 37
562 38
563 38
564 39
565 39
566 40
566 41
567 42
568 43
569 44
570 45
571 45
572 46
573 47
574 48
575 49
576 50
577 51
578 52
578 53
579 54
579 55
580 56
580 57
581 58
582 59
582 60
583 61
584 62
584 63
585 64
585 65
586 66
586 67
586 68
587 69
587 70
587 71
588 72
588 73
589 74
589 75
590 76
590 77
591 78
592 79
593 80
594 81
595 82
596 82
597 83
598 83
599 84
600 84
601 85
602 86
603 87
603 88
603 89
603 90
603 91
603 92
603 93
603 94
603 95
604 96
604 97
605 98
605 99
606 100
607 101
608 102
609 102
610 103
611 103
612 104
613 104
614 104
615 104
616 104
617 103
618 103
619 102
620 102
621 101
622 100
623 99
624 98
625 98
626 99
626 100
626 101
627 102
627 103
627 104
627 105
628 106
628 107
629 108
629 109
630 110
630 111
630 112
631 113
630 114
630 115
630 116
630 117
630 118
630 119
630 120
630 121
630 122
630 123
630 124
630 125
630 126
630 127
630 128
630 129
630 130
631 131
631 132
631 133
632 134
632 135
633 136
633 137
634 138
635 139
635 140
636 141
636 142
636 143
636 144
636 145
635 146
635 147
635 148
635 149
635 150
635 151
635 152
635 153
635 154
635 155
635 156
635 157
635 158
635 159
635 160
636 161
636 162
637 163
637 164
638 165
638 166
639 167
639 168
640 169
640 170
640 171
641 172
641 173
642 174
642 175
643 176
644 177
644 178
645 179
646 180
647 181
648 182
649 183
650 184
651 185
652 186
653 187
654 187
655 188
656 188
657 189
658 189
659 189
660 189
661 189
662 188
663 188
664 188
665 188
666 187
667 187
668 187
669 186
670 186
671 185
672 185
673 185
674 186
675 187
675 188
676 189
676 190
676 191
675 192
675 193
675 194
675 195
675 196
676 197
676 198
677 199
677 200
678 201
679 202
679 203
680 204
681 205
682 206
683 207
684 207
685 208
686 208
687 209
688 210
688 211
688 212
688 213
688 214
688 215
688 216
688 217
689 218
689 219
690 220
690 221
691 222
692 223
693 224
693 225
692 226
691 227
690 228
690 229
689 230
689 231
688 232
688 233
688 234
688 235
688 236
688 237
688 238
689 239
689 240
689 241
690 242
690 243
690 244
690 245
690 246
690 247
690 248
690 249
690 250
690 251
690 252
690 253
690 254
691 255
691 256
691 257
691 258
692 259
691 260
691 261
691 262
691 263
691 264
691 265
691 266
691 267
692 268
692 269
692 270
692 271
693 272
693 273
693 274
693 275
693 276
693 277
693 278
693 279
693 280
693 281
693 282
693 283
693 284
693 285
694 286
694 287
694 288
694 289
695 290
695 291
695 292
696 293
696 294
696 295
697 296
697 297
697 298
698 299
698 300
699 301
699 302
700 303
700 304
701 305
702 306
702 307
703 308
704 309
704 310
705 311
706 312
706 313
707 314
708 315
709 316
710 317
711 318
712 319
713 320
714 321
715 322
716 323
716 324
716 325
717 326
717 327
717 328
718 329
718 330
719 331
719 332
720 333
721 334
721 335
722 336
722 337
723 338
723 339
723 340
723 341
724 342
724 343
725 344
725 345
726 346
726 347
727 348
728 349
729 350
730 351
731 351
731 352
732 353
732 354
732 355
732 356
732 357
732 358
732 359
733 360
733 361
733 362
733 363
733 364
733 365
734 366
734 367
734 368
734 369
734 370
734 371
734 372
734 373
734 374
734 375
734 376
734 377
734 378
734 379
734 380
734 381
734 382
734 383
734 384
734 385
734 386
734 387
734 388
734 389
735 390
735 391
735 392
736 393
736 394
736 395
737 396
737 397
737 398
737 399
737 400
737 401
738 402
738 403
739 404
739 405
740 406
740 407
741 408
741 409
742 410
743 411
743 412
744 413
744 414
744 415
745 416
745 417
745 418
745 419
745 420
745 421
746 422
746 423
747 424
747 425
748 426
748 427
749 428
750 429
751 430
752 431
753 431
754 432
755 432
756 433
757 434
758 435
758 436
759 437
760 438
760 439
761 440
762 441
763 442
764 442
765 443
766 444
767 444
768 445
769 445
770 446
771 446
772 447
773 448
774 448
775 449
776 450
777 451
778 451
779 452
780 453
780 454
781 455
782 456
783 457
784 458
785 458
786 459
787 459
788 460
789 460
790 461
791 461
792 461
793 461
794 461
795 462
796 462
797 463
797 464
797 465
797 466
797 467
797 468
796 469
796 470
796 471
796 472
796 473
797 474
797 475
798 476
798 477
799 478
800 479
801 480
802 480
803 481
804 481
805 482
806 482
807 482
808 482
809 482
810 481
811 481
812 481
813 481
814 482
815 483
815 484
815 485
815 486
815 487
815 488
814 489
814 490
814 491
814 492
814 493
814 494
814 495
814 496
813 497
813 498
812 499
811 500
810 501
809 502
808 503
807 504
807 505
806 506
806 507
805 508
805 509
804 510
804 511
803 512
803 513
803 514
802 515
802 516
802 517
802 518
801 519
801 520
800 521
800 522
800 523
800 524
800 525
800 526
800 527
800 528
801 529
801 530
802 531
802 532
803 533
803 534
804 535
804 536
805 537
806 538
807 539
808 540
809 541
810 541
810 542
809 543
809 544
808 545
807 546
806 547
806 548
805 549
805 550
804 551
804 552
803 553
803 554
803 555
803 556
803 557
803 558
803 559
803 560
804 561
804 562
805 563
805 564
806 565
807 566
808 567
809 567
809 568
810 569
810 570
809 571
809 572
809 573
809 574
808 575
808 576
808 577
808 578
807 579
807 580
807 581
807 582
806 583
806 584
806 585
806 586
806 587
806 588
806 589
806 590
806 591
806 592
807 593
807 594
808 595
808 596
809 597
809 598
810 599
811 600
812 601
813 601
814 602
815 602
816 603
817 603
818 604
819 605
820 606
820 607
820 608
820 609
820 610
819 611
819 612
819 613
819 614
819 615
819 616
819 617
819 618
819 619
820 620
820 621
820 622
820 623
820 624
820 625
821 626
821 627
821 628
821 629
821 630
821 631
821 632
821 633
821 634
821 635
821 636
820 637
820 638
819 639
819 640
818 641
818 642
818 643
818 644
818 645
818 646
819 647
819 648
820 649
820 650
821 651
821 652
821 653
822 654
822 655
821 656
820 656
819 656
818 656
817 656
816 656
815 656
814 657
813 657
812 658
811 658
810 659
809 660
808 661
808 662
807 663
807 664
806 665
806 666
806 667
806 668
806 669
806 670
807 671
807 672
807 673
806 674
806 675
805 675
804 676
803 676
802 676
801 676
800 677
799 677
798 678
797 678
796 679
795 680
794 681
794 682
793 683
793 684
792 685
792 686
792 687
792 688
792 689
792 690
793 691
793 692
793 693
794 694
794 695
794 696
794 697
795 698
795 699
795 700
795 701
795 702
794 703
794 704
794 705
794 706
794 707
794 708
794 709
794 710
793 711
793 712
792 713
792 714
791 715
791 716
790 717
790 718
790 719
789 720
789 721
789 722
789 723
788 724
788 725
788 726
788 727
788 728
788 729
788 730
788 731
788 732
788 733
788 734
788 735
788 736
788 737
788 738
788 739
788 740
788 741
788 742
788 743
788 744
788 745
789 746
789 747
790 748
790 749
791 750
791 751
792 752
793 753
794 754
794 755
795 756
795 757
796 758
797 759
797 760
798 761
798 762
798 763
797 764
796 765
796 766
795 767
795 768
794 769
794 770
794 771
794 772
794 773
794 774
794 775
794 776
794 777
794 778
794 779
794 780
794 781
794 782
794 783
794 784
795 785
795 786
795 787
795 788
795 789
795 790
794 791
793 792
793 793
792 794
792 795
791 796
791 797
791 798
791 799
791 800
791 801
791 802
791 803
791 804
791 805
791 806
791 807
792 808
792 809
792 810
793 811
793 812
794 813
794 814
795 815
795 816
796 817
796 818
797 819
797 820
797 821
797 822
797 823
797 824
797 825
796 826
795 827
795 828
794 829
794 830
793 831
793 832
793 833
793 834
793 835
793 836
793 837
794 838
794 839
794 840
794 841
794 842
794 843
795 844
795 845
795 846
795 847
795 848
795 849
795 850
795 851
795 852
795 853
795 854
794 855
794 856
794 857
794 858
794 859
794 860
794 861
794 862
795 863
795 864
796 865
796 866
796 867
796 868
796 869
796 870
796 871
796 872
797 873
797 874
798 875
798 876
799 877
800 878
800 879
801 880
801 881
801 882
800 883
799 884
798 885
797 886
796 887
796 888
795 889
795 890
794 891
794 892
794 893
794 894
794 895
794 896
794 897
794 898
794 899
795 900
795 901
795 902
795 903
795 904
795 905
794 906
793 907
793 908
792 909
792 910
791 911
791 912
790 913
790 914
789 915
789 916
789 917
788 918
788 919
788 920
787 921
787 922
787 923
787 924
787 925
787 926
787 927
788 928
788 929
788 930
789 931
789 932
789 933
790 934
790 935
790 936
790 937
790 938
790 939
790 940
790 941
790 942
790 943
790 944
790 945
790 946
790 947
790 948
790 949
791 950
791 951
791 952
791 953
791 954
791 955
790 956
790 957
790 958
789 959
789 960
789 961
789 962
789 963
789 964
789 965
789 966
789 967
789 968
789 969
789 970
789 971
788 972
787 973
786 973
785 974
784 974
783 975
782 975
781 976
780 977
779 978
778 979
777 979
776 980
775 980
774 981
773 981
772 982
771 983
770 984
769 985
768 986
767 987
767 988
766 989
766 990
765 991
765 992
764 993
764 994
764 995
763 996
763 997
763 998
763 999
763 1000
764 1001
764 1002
764 1003
764 1004
764 1005
764 1006
764 1007
764 1008
764 1009
764 1010
764 1011
763 1012
763 1013
762 1014
762 1015
761 1016
761 1017
761 1018
761 1019
761 1020
760 1021
759 1021
758 1021
757 1020
756 1020
755 1020
754 1019
753 1019
752 1018
751 1018
750 1017
749 1017
748 1016
747 1016
746 1016
745 1016
744 1016
743 1016
742 1017
741 1017
740 1018
739 1018
738 1019
737 1020
736 1021
736 1022
735 1023
734 1024
734 1025
733 1026
732 1027
731 1028
730 1029
729 1030
728 1030
727 1029
726 1028
726 1027
725 1026
725 1025
724 1024
723 1023
722 1022
721 1022
720 1021
719 1021
718 1020
717 1020
716 1020
715 1020
714 1020
713 1020
712 1021
711 1021
710 1022
709 1022
708 1023
707 1024
706 1025
705 1026
704 1026
703 1025
702 1025
701 1024
700 1023
699 1022
698 1021
697 1020
696 1019
695 1018
694 1018
693 1017
692 1017
691 1016
690 1016
689 1016
688 1016
687 1016
686 1016
685 1016
684 1016
683 1016
682 1015
681 1015
680 1014
679 1013
679 1012
678 1011
678 1010
677 1009
676 1008
675 1007
674 1006
673 1006
672 1005
671 1005
670 1004
669 1004
668 1004
667 1004
666 1004
665 1003
664 1003
663 1002
662 1002
661 1001
660 1000
659 999
658 999
657 998
656 997
655 997
654 996
653 996
652 995
651 994
650 993
649 993
648 992
647 991
646 991
645 990
644 990
643 989
642 989
641 988
640 988
639 988
638 987
637 987
636 986
635 985
634 984
633 983
632 982
632 981
631 980
630 979
630 978
629 977
628 976
628 975
627 974
627 973
627 972
627 971
626 970
627 969
627 968
627 967
627 966
627 965
627 964
627 963
627 962
627 961
626 960
626 959
625 958
625 957
624 956
623 955
622 954
621 954
620 953
619 953
618 952
617 952
616 951
615 950
614 949
613 948
612 947
612 946
611 945
611 944
610 943
610 942
609 941
609 940
608 939
607 938
607 937
607 936
607 935
606 934
606 933
605 932
605 931
604 930
604 929
603 928
603 927
602 926
602 925
601 924
600 923
600 922
599 921
599 920
599 919
599 918
599 917
599 916
599 915
599 914
599 913
599 912
599 911
599 910
599 909
599 908
599 907
599 906
598 905
598 904
598 903
597 902
597 901
596 900
596 899
595 898
594 897
594 896
594 895
594 894
593 893
593 892
593 891
592 890
592 889
591 888
591 887
590 886
589 885
589 884
588 883
588 882
587 881
586 880
585 879
584 878
583 878
582 877
581 877
580 876
579 876
578 876
577 876
576 876
575 875
574 875
574 874
573 873
573 872
573 871
572 870
572 869
572 868
572 867
572 866
571 865
571 864
570 863
570 862
569 861
569 860
568 859
567 858
566 857
565 856
564 855
563 854
562 854
562 853
561 852
560 851
560 850
559 849
559 848
558 847
558 846
558 845
557 844
557 843
557 842
556 841
556 840
556 839
556 838
555 837
555 836
554 835
554 834
553 833
552 832
551 831
550 830
550 829
550 828
549 827
549 826
548 825
548 824
547 823
546 822
546 821
545 820
544 819
543 818
542 818
541 817
540 817
539 816
538 816
537 815
536 814
536 813
535 812
535 811
534 810
534 809
533 808
532 807
531 806
530 805
529 804
529 803
528 802
527 801
527 800
526 799
525 798
524 797
523 797
522 796
521 796
520 795
519 795
518 795
517 794
516 794
515 794
514 793
514 792
513 791
513 790
512 789
512 788
512 787
512 786
513 785
513 784
513 783
513 782
513 781
512 780
512 779
511 778
511 777
510 776
509 775
508 774
507 774
506 773
505 773
504 772
503 772
502 772
501 771
500 771
499 771
498 771
497 771
496 770
495 770
494 770
493 769
492 769
491 768
491 767
491 766
490 765
490 764
489 763
489 762
488 761
487 760
486 759
485 759
484 758
483 758
482 757
481 757
480 756
479 756
478 756
477 756
476 755
475 755
474 755
473 755
472 755
471 755
470 755
469 754
468 753
467 752
466 752
465 751
464 751
463 750
462 750
461 750
460 749
459 749
458 749
457 749
456 749
455 748
454 748
453 748
452 748
451 748
450 748
449 748
448 748
447 747
446 747
445 746
444 745
443 745
442 744
441 743
440 742
439 742
438 741
437 741
436 740
435 740
435 739
434 738
434 737
434 736
434 735
433 734
433 733
432 732
432 731
432 730
432 729
432 728
432 727
432 726
432 725
433 724
433 723
434 722
434 721
435 720
436 719
437 718
438 717
439 716
440 715
440 714
441 713
441 712
442 711
442 710
442 709
442 708
442 707
442 706
442 705
442 704
442 703
442 702
443 701
444 700
444 699
445 698
445 697
446 696
446 695
447 694
447 693
447 692
448 691
448 690
448 689
448 688
448 687
448 686
448 685
448 684
448 683
448 682
448 681
448 680
447 679
447 678
446 677
446 676
445 675
444 674
443 673
442 673
441 672
440 672
439 671
438 671
437 671
436 670
435 670
434 669
433 669
432 669
431 668
430 668
429 668
428 667
427 667
426 667
425 666
424 666
423 666
422 666
421 666
420 666
419 666
418 666
417 666
416 667
415 667
414 666
414 665
414 664
414 663
414 662
414 661
414 660
414 659
414 658
414 657
414 656
413 655
413 654
412 653
412 652
412 651
411 650
411 649
412 648
412 647
412 646
412 645
412 644
411 643
411 642
410 641
410 640
409 639
409 638
408 637
408 636
407 635
407 634
406 633
406 632
406 631
405 630
405 629
404 628
404 627
403 626
402 625
401 624
400 624
399 623
398 622
398 621
397 620
397 619
396 618
395 617
394 616
393 615
393 614
392 613
392 612
391 611
390 610
390 609
389 608
388 607
387 606
386 605
386 604
385 603
384 602
383 601
382 600
382 599
381 598
380 597
379 596
378 595
377 594
376 593
375 592
374 591
373 590
372 589
371 588
371 587
370 586
370 585
370 584
370 583
370 582
370 581
370 580
370 579
371 578
371 577
371 576
371 575
371 574
372 573
372 572
373 571
373 570
373 569
373 568
373 567
373 566
373 565
373 564
372 563
372 562
371 561
371 560
370 559
369 558
368 557
368 556
368 555
368 554
368 553
368 552
368 551
369 550
370 549
371 548
372 547
373 546
373 545
374 544
375 543
376 542
377 541
378 540
379 539
380 539
381 538
382 537
383 536
384 535
385 534
386 533
387 532
388 531
389 530
389 529
390 528
390 527
391 526
391 525
391 524
391 523
391 522
391 521
391 520
391 519
390 518
390 517
389 516
389 515
388 514
388 513
388 512
388 511
389 510
390 510
391 510
392 510
393 510
394 510
395 510
396 510
397 510
398 510
399 510
400 510
401 510
402 510
403 510
404 510
405 510
406 510
407 510
408 510
409 510
410 510
411 510
412 510
413 510
414 509
415 509
416 508
417 508
418 507
419 506
420 505
421 504
421 503
422 502
422 501
423 500
423 499
423 498
423 497
423 496
423 495
423 494
423 493
424 492
424 491
425 490
425 489
425 488
425 487
425 486
425 485
424 484
424 483
424 482
423 481
423 480
423 479
423 478
423 477
423 476
424 475
424 474
424 473
425 472
426 471
426 470
427 469
427 468
428 467
428 466
428 465
428 464
428 463
428 462
427 461
427 460
427 459
426 458
426 457
426 456
426 455
426 454
426 453
426 452
426 451
426 450
426 449
427 448
428 447
429 446
429 445
430 444
431 443
431 442
432 441
432 440
433 439
433 438
434 437
434 436
435 435
435 434
436 433
436 432
436 431
436 430
436 429
436 428
436 427
436 426
435 425
435 424
436 423
436 422
436 421
436 420
436 419
436 418
435 417
435 416
435 415
435 414
434 413
434 412
435 411
436 411
437 410
438 410
439 409
440 408
441 407
441 406
442 405
442 404
443 403
443 402
444 401
444 400
444 399
444 398
444 397
444 396
444 395
444 394
444 393
445 392
445 391
445 390
445 389
445 388
444 387
444 386
443 385
443 384
442 383
441 382
440 381
439 380
438 380
438 379
439 379
440 378
441 377
442 376
442 375
443 374
443 373
444 372
444 371
444 370
444 369
444 368
444 367
443 366
443 365
442 364
442 363
441 362
440 361
440 360
439 359
440 358
440 357
440 356
440 355
440 354
440 353
440 352
440 351
441 351
442 350
443 350
444 349
445 349
446 348
447 347
448 346
448 345
449 344
449 343
450 342
450 341
450 340
450 339
450 338
449 337
449 336
448 335
448 334
447 333
446 332
445 331
444 331
444 330
444 329
445 329
446 328
447 328
448 327
449 326
450 325
451 324
451 323
452 322
452 321
453 320
453 319
453 318
453 317
453 316
453 315
452 314
452 313
452 312
451 311
451 310
451 309
451 308
451 307
451 306
450 305
450 304
449 303
449 302
448 301
447 300
447 299
447 298
446 297
446 296
447 295
447 294
448 293
449 292
450 291
451 290
451 289
452 288
452 287
453 286
453 285
453 284
453 283
453 282
453 281
453 280
453 279
453 278
453 277
453 276
452 275
452 274
452 273
452 272
452 271
452 270
452 269
452 268
452 267
452 266
452 265
452 264
452 263
452 262
451 261
451 260
450 259
450 258
450 257
450 256
450 255
449 254
449 253
449 252
449 251
449 250
449 249
449 248
449 247
449 246
450 245
450 244
451 243
452 243
453 242
454 241
455 240
455 239
456 238
456 237
457 236
458 235
458 234
459 233
459 232
460 231
460 230
460 229
460 228
460 227
460 226
460 225
460 224
460 223
460 222
459 221
459 220
459 219
459 218
459 217
459 216
459 215
459 214
459 213
459 212
460 211
460 210
460 209
460 208
460 207
460 206
460 205
459 204
459 203
458 202
458 201
457 200
457 199
456 198
455 197
454 196
453 195
452 194
451 193
451 192
450 191
450 190
450 189
450 188
449 187
449 186
448 185
448 184
447 183
446 182
445 181
444 180
443 179
442 178
441 177
440 176
439 175
438 174
437 173
437 172
436 171
436 170
436 169
436 168
436 167
437 166
438 166
439 165
440 165
441 165
442 165
443 165
444 165
445 165
446 165
447 164
448 164
449 163
450 163
451 162
452 161
453 160
453 159
454 158
454 157
455 156
455 155
455 154
455 153
455 152
455 151
455 150
455 149
455 148
455 147
455 146
455 145
455 144
455 143
455 142
455 141
456 140
456 139
457 138
458 138
459 137
460 137
461 137
462 137
463 136
464 136
465 135
466 135
467 134
468 133
469 132
469 131
470 130
470 129
471 128
471 127
471 126
471 125
471 124
472 123
472 122
472 121
473 120
473 119
473 118
473 117
474 116
474 115
474 114
475 113
476 113
477 113
478 114
479 114
480 114
481 114
482 114
483 113
484 113
485 112
486 112
487 111
488 111
489 110
490 109
491 108
492 107
493 106
494 105
494 104
495 103
495 102
496 101
497 100
498 100
499 99
500 98
501 98
502 97
503 96
504 95
505 94
505 93
506 92
506 91
507 90
507 89
507 88
507 87
507 86
507 85
506 84
506 83
505 82
505 81
504 80
504 79
504 78
503 77
503 76
503 75
503 74
503 73
503 72
503 71
504 70
504 69
505 68
505 67
506 66
507 66
508 66
509 66
510 66
511 66
512 67
513 67
514 68
515 68
516 69
517 69
518 70
519 71
520 72
521 72
522 73
523 73
524 74
525 74
526 74
527 74
528 74
529 74
530 74
531 73
532 73
533 72
534 72
535 71
536 70
537 69
538 68
538 67
539 66
539 65
540 64
540 63
541 62
541 61
542 60
542 59
543 58
543 57
543 56
544 55
544 54
544 53
544 52
545 51
545 50
545 49
545 48
546 47
546 46
546 45
546 44
546 43
546 42
546 41
546 40
546 39
546 38
546 37
546 36
546 35
546 34
546 33
547 32
547 31
547 30
548 29
548 28
548 27
548 26
549 25
549 24
549 23
550 22
551 21
552 21
553 21