680 147
681 148
682 149
683 150
683 151
683 152
683 153
682 154
682 155
681 156
681 157
680 158
680 159
680 160
679 161
679 162
679 163
679 164
679 165
680 166
680 167
680 168
680 169
680 170
680 171
680 172
680 173
680 174
680 175
680 176
680 177
680 178
680 179
680 180
680 181
679 182
679 183
679 184
679 185
679 186
678 187
678 188
678 189
677 190
677 191
677 192
676 193
676 194
676 195
676 196
676 197
676 198
676 199
675 200
675 201
675 202
675 203
675 204
675 205
675 206
675 207
674 208
674 209
674 210
674 211
674 212
674 213
674 214
674 215
674 216
674 217
674 218
674 219
674 220
674 221
674 222
674 223
674 224
674 225
674 226
674 227
674 228
674 229
674 230
674 231
674 232
674 233
674 234
675 235
675 236
676 237
676 238
676 239
676 240
676 241
676 242
676 243
676 244
676 245
677 246
677 247
678 248
678 249
679 250
680 251
680 252
681 253
680 254
680 255
680 256
679 257
679 258
679 259
678 260
678 261
678 262
678 263
677 264
677 265
677 266
677 267
676 268
676 269
676 270
675 271
675 272
674 273
674 274
674 275
674 276
674 277
674 278
673 279
673 280
673 281
673 282
673 283
673 284
673 285
673 286
674 287
674 288
673 289
673 290
673 291
673 292
673 293
673 294
673 295
673 296
673 297
673 298
673 299
673 300
673 301
673 302
673 303
673 304
673 305
673 306
673 307
673 308
673 309
673 310
674 311
674 312
675 313
675 314
676 315
677 316
678 317
679 317
680 318
681 318
682 319
683 319
684 320
685 320
684 321
684 322
683 323
682 324
681 325
680 326
679 327
679 328
678 329
677 330
676 331
675 332
674 333
674 334
673 335
673 336
672 337
672 338
672 339
672 340
672 341
672 342
672 343
672 344
672 345
672 346
672 347
672 348
672 349
672 350
672 351
672 352
672 353
672 354
672 355
672 356
672 357
672 358
672 359
672 360
672 361
672 362
672 363
672 364
672 365
672 366
672 367
672 368
673 369
673 370
673 371
673 372
673 373
673 374
674 375
674 376
674 377
674 378
674 379
674 380
674 381
675 382
675 383
675 384
675 385
675 386
675 387
675 388
675 389
675 390
676 391
676 392
677 393
677 394
678 395
679 396
680 397
681 398
681 399
682 400
682 401
683 402
683 403
684 404
685 405
686 406
687 407
688 407
689 408
690 408
691 409
692 409
693 410
694 410
695 410
696 410
697 411
698 411
699 412
700 412
701 413
702 414
703 415
703 416
704 417
704 418
704 419
704 420
703 421
702 422
701 423
700 424
699 424
698 424
697 425
696 425
695 425
694 426
693 426
692 427
691 427
690 428
689 429
688 430
688 431
687 432
687 433
686 434
686 435
686 436
686 437
686 438
686 439
687 440
687 441
687 442
688 443
688 444
689 445
689 446
690 447
690 448
691 449
692 450
693 451
694 452
695 453
696 453
697 454
698 455
699 456
700 457
701 458
702 459
703 460
703 461
704 462
704 463
705 464
705 465
706 466
706 467
706 468
706 469
706 470
706 471
706 472
705 473
705 474
705 475
705 476
705 477
705 478
706 479
706 480
707 481
707 482
708 483
708 484
709 485
710 486
710 487
711 488
712 489
713 490
713 491
714 492
715 493
716 494
716 495
717 496
718 497
719 498
720 499
721 499
722 500
723 501
724 502
725 503
726 504
727 504
728 505
729 506
730 507
731 508
732 508
733 509
734 510
735 511
736 511
737 512
738 512
739 513
740 514
741 514
742 515
743 515
744 516
745 516
746 517
747 517
748 518
749 518
750 519
751 519
752 520
753 520
754 520
755 520
756 521
757 521
758 521
759 522
759 523
760 524
760 525
760 526
761 527
761 528
762 529
762 530
763 531
763 532
764 533
765 534
765 535
766 536
766 537
767 538
767 539
768 540
769 541
770 542
770 543
771 544
772 545
773 546
774 547
775 548
776 549
777 550
778 551
779 551
780 552
781 552
782 553
783 553
784 553
785 554
786 555
786 556
787 557
788 558
789 559
790 560
791 560
792 561
793 561
794 562
795 562
796 562
797 562
798 562
799 562
800 561
801 561
802 560
803 560
804 560
804 561
805 562
805 563
806 564
807 565
808 566
809 567
810 567
811 568
812 568
813 569
814 569
815 570
816 570
817 570
818 571
819 571
820 571
821 572
822 572
823 572
824 573
825 573
826 573
827 574
828 574
829 574
830 575
831 575
832 575
833 575
834 575
835 575
836 576
837 576
838 577
839 578
838 579
837 579
836 579
835 579
834 579
833 579
832 579
831 579
830 580
829 580
828 580
827 580
826 580
825 579
824 579
823 579
822 579
821 578
820 578
819 578
818 577
817 577
816 577
815 577
814 577
813 576
812 576
811 576
810 576
809 576
808 575
807 575
806 575
805 575
804 574
803 574
802 574
801 574
800 574
799 574
798 573
797 573
796 573
795 573
794 573
793 572
792 572
791 572
790 572
789 572
788 572
787 572
786 572
785 572
784 572
783 572
782 573
781 573
780 574
779 574
778 575
777 576
776 577
775 578
774 578
773 578
772 577
771 577
770 577
769 577
768 577
767 577
766 577
765 578
764 578
763 579
762 579
761 580
760 580
759 581
758 581
757 581
756 581
755 581
754 581
753 581
752 581
751 582
750 582
749 583
748 583
747 584
746 585
745 586
744 587
743 587
742 587
741 586
740 585
739 584
738 583
737 582
736 581
735 581
734 580
733 580
732 579
731 579
730 579
729 579
728 579
727 579
726 579
725 579
724 579
723 579
722 579
721 579
720 579
719 579
718 579
717 579
716 579
715 579
714 579
713 579
712 579
711 579
710 580
709 580
708 580
707 580
706 580
705 580
704 580
703 581
702 581
701 581
700 581
699 581
698 581
697 582
696 582
695 582
694 582
693 582
692 583
691 583
690 583
689 583
688 584
687 584
686 584
685 584
684 585
683 585
682 585
681 586
680 586
679 587
678 587
677 587
676 588
675 588
674 589
673 589
672 589
671 590
670 590
669 591
668 591
667 592
666 592
665 593
664 594
663 594
662 595
661 595
660 596
659 596
658 596
657 596
656 597
655 597
654 598
653 598
652 599
651 599
650 600
649 600
648 601
647 602
646 603
645 604
644 605
643 606
642 607
641 608
641 609
640 610
640 611
639 612
639 613
639 614
639 615
639 616
639 617
640 618
640 619
640 620
639 621
639 622
638 623
637 624
636 625
635 626
634 626
633 626
632 627
631 626
630 626
629 626
628 625
627 625
626 624
625 624
624 623
623 623
622 623
621 623
620 623
619 623
618 624
617 624
616 625
615 625
614 626
613 627
612 628
611 629
610 630
609 631
608 632
607 633
606 634
605 635
604 636
603 637
602 638
601 639
600 640
599 641
598 642
597 643
596 644
595 645
594 646
594 647
593 648
592 649
591 650
590 651
589 652
588 653
587 654
587 655
586 656
585 657
584 658
583 659
582 660
582 661
581 662
580 663
579 664
578 665
578 666
577 667
576 668
575 669
574 670
574 671
573 672
572 673
571 674
571 675
570 676
569 677
569 678
568 679
567 680
566 681
566 682
565 683
565 684
564 685
563 686
562 687
562 688
561 689
560 690
559 691
559 692
558 693
557 694
557 695
556 696
556 697
555 698
554 699
554 700
553 701
552 702
552 703
551 704
551 705
550 706
550 707
549 708
549 709
549 710
548 711
548 712
547 713
546 714
545 715
544 716
543 717
543 718
542 719
542 720
541 721
541 722
540 723
540 724
539 725
539 726
539 727
539 728
539 729
539 730
538 731
538 732
537 732
536 733
535 734
534 735
534 736
533 737
533 738
532 739
532 740
532 741
532 742
532 743
532 744
531 745
530 746
529 746
528 747
527 747
526 748
525 749
524 750
523 751
523 752
522 753
522 754
521 755
521 756
520 757
520 758
519 759
519 760
518 761
518 762
518 763
518 764
518 765
518 766
518 767
518 768
518 769
518 770
517 771
516 772
515 772
514 773
513 774
512 775
511 776
511 777
510 778
509 779
509 780
508 781
508 782
507 783
507 784
506 785
506 786
505 787
504 788
503 789
503 790
502 791
502 792
501 793
501 794
501 795
500 796
500 797
500 798
500 799
500 800
499 801
499 802
499 803
499 804
498 805
498 806
498 807
498 808
498 809
498 810
498 811
498 812
498 813
499 814
499 815
499 816
499 817
499 818
500 819
500 820
501 821
501 822
502 823
502 824
503 825
504 826
504 827
505 828
505 829
505 830
506 831
506 832
507 833
507 834
508 835
508 836
509 837
509 838
509 839
509 840
508 841
508 842
508 843
508 844
508 845
508 846
508 847
508 848
508 849
509 850
509 851
510 852
510 853
511 854
512 855
513 856
514 857
515 858
516 859
517 860
518 861
518 862
517 862
516 862
515 862
514 862
513 861
512 861
511 861
510 861
509 861
508 861
507 862
506 862
505 863
504 863
503 864
502 865
501 866
501 867
500 868
500 869
499 870
499 871
498 871
497 871
496 871
495 871
494 871
493 872
492 872
491 873
490 873
489 874
488 875
487 876
486 877
485 877
484 878
483 878
482 878
481 878
480 879
479 879
478 880
477 880
476 881
475 882
474 883
474 884
473 885
473 886
472 887
472 888
472 889
471 890
471 891
471 892
471 893
471 894
472 895
472 896
472 897
472 898
473 899
473 900
473 901
473 902
473 903
473 904
473 905
473 906
473 907
473 908
474 909
474 910
474 911
474 912
474 913
474 914
474 915
474 916
474 917
474 918
474 919
475 920
475 921
475 922
475 923
474 924
473 924
472 925
471 925
470 926
469 927
468 927
467 927
466 926
465 925
464 924
464 923
463 922
462 921
462 920
461 919
461 918
460 917
460 916
459 915
458 914
457 913
457 912
456 911
455 910
455 909
454 908
454 907
453 906
453 905
453 904
452 903
452 902
451 901
451 900
450 899
450 898
449 897
448 896
447 895
446 894
445 893
444 893
443 892
442 892
441 891
440 890
440 889
440 888
440 887
440 886
441 885
441 884
441 883
441 882
441 881
440 880
440 879
439 878
439 877
438 876
437 875
436 874
435 873
434 872
433 872
432 871
431 871
430 870
429 869
428 868
428 867
427 866
427 865
426 864
426 863
426 862
426 861
426 860
426 859
426 858
425 857
425 856
424 855
424 854
423 853
423 852
423 851
422 850
423 849
423 848
423 847
424 846
425 845
425 844
426 843
427 842
428 841
429 840
430 839
431 838
432 837
433 836
434 835
434 834
435 833
435 832
436 831
436 830
436 829
436 828
436 827
436 826
436 825
437 824
437 823
437 822
438 821
438 820
438 819
439 818
439 817
440 816
440 815
441 814
441 813
441 812
441 811
441 810
441 809
441 808
441 807
442 806
442 805
442 804
442 803
442 802
442 801
442 800
442 799
442 798
441 797
441 796
441 795
441 794
440 793
440 792
439 791
439 790
438 789
438 788
437 787
436 786
435 785
434 785
433 784
432 784
431 783
430 783
429 783
428 782
427 781
426 781
425 780
424 779
423 778
423 777
422 776
421 775
421 774
421 773
420 772
420 771
420 770
419 769
419 768
419 767
418 766
418 765
417 764
417 763
416 762
416 761
415 760
414 759
413 758
412 757
411 757
410 756
409 755
408 755
407 754
406 753
405 752
404 752
403 751
402 751
401 750
400 750
399 750
398 750
397 750
396 750
395 750
394 751
393 751
392 752
391 752
390 752
389 751
389 750
388 749
387 748
386 747
386 746
386 745
387 744
388 743
389 742
390 741
390 740
391 739
391 738
392 737
392 736
393 735
393 734
394 733
395 732
396 731
396 730
397 729
397 728
398 727
398 726
398 725
398 724
399 723
400 722
400 721
401 720
401 719
402 718
402 717
402 716
402 715
403 714
404 713
404 712
405 711
405 710
406 709
406 708
406 707
407 706
407 705
407 704
407 703
407 702
407 701
407 700
407 699
406 698
406 697
406 696
406 695
405 694
405 693
405 692
404 691
404 690
404 689
404 688
403 687
403 686
403 685
403 684
403 683
403 682
403 681
404 680
404 679
404 678
404 677
404 676
405 675
405 674
406 673
406 672
407 671
408 670
408 669
409 668
409 667
410 666
410 665
410 664
411 663
411 662
411 661
411 660
412 659
412 658
413 657
413 656
414 655
414 654
415 653
415 652
415 651
416 650
416 649
416 648
417 647
417 646
417 645
417 644
417 643
417 642
418 641
418 640
418 639
418 638
418 637
418 636
418 635
418 634
418 633
418 632
418 631
418 630
418 629
418 628
418 627
418 626
418 625
418 624
418 623
418 622
418 621
418 620
419 619
419 618
419 617
420 616
420 615
420 614
420 613
420 612
420 611
421 610
421 609
421 608
421 607
421 606
421 605
421 604
421 603
421 602
421 601
421 600
421 599
421 598
422 597
422 596
422 595
422 594
423 593
423 592
423 591
423 590
423 589
423 588
424 587
424 586
424 585
424 584
424 583
423 582
423 581
423 580
423 579
423 578
422 577
422 576
421 575
421 574
420 573
420 572
419 571
419 570
418 569
417 568
417 567
416 566
415 565
415 564
414 563
414 562
413 561
412 560
411 559
410 559
409 558
408 558
408 557
407 556
408 555
409 555
410 555
411 555
412 556
413 556
414 557
415 557
416 557
417 557
418 557
419 557
420 556
421 556
422 556
423 556
424 556
425 556
426 556
427 556
428 555
429 555
430 554
431 554
432 553
433 553
434 552
435 551
436 550
437 549
438 548
438 547
439 546
439 545
440 544
440 543
441 542
442 541
442 540
443 539
444 538
445 537
446 536
447 535
448 534
448 533
449 532
449 531
450 530
450 529
450 528
450 527
450 526
450 525
449 524
449 523
448 522
448 521
447 520
447 519
448 519
449 518
450 518
451 517
452 517
453 516
454 515
455 514
456 513
457 512
458 511
459 510
460 509
460 508
461 507
461 506
462 505
462 504
463 503
463 502
463 501
464 500
464 499
465 498
466 497
467 496
468 495
469 494
470 493
470 492
471 491
471 490
472 489
472 488
473 487
473 486
473 485
473 484
473 483
472 482
472 481
472 480
471 479
471 478
470 477
470 476
469 475
470 475
471 474
472 473
473 472
474 471
475 470
475 469
476 468
477 467
478 467
479 467
480 466
481 466
482 466
483 466
484 466
485 465
486 465
487 464
488 464
489 463
490 462
491 461
492 460
493 459
494 458
494 457
495 456
496 455
496 454
497 453
497 452
498 451
498 450
499 449
499 448
500 447
500 446
500 445
501 444
501 443
501 442
501 441
501 440
500 439
500 438
499 437
499 436
498 435
497 434
496 433
496 432
496 431
496 430
497 429
497 428
498 427
499 427
500 427
501 426
502 426
503 425
504 425
505 424
506 423
507 422
507 421
508 420
508 419
509 418
509 417
510 416
510 415
510 414
511 413
511 412
511 411
511 410
511 409
511 408
511 407
511 406
511 405
511 404
511 403
511 402
510 401
510 400
510 399
510 398
510 397
510 396
509 395
509 394
508 393
508 392
507 391
506 390
505 389
504 389
503 388
502 388
501 387
500 387
499 387
498 387
497 387
496 387
495 387
494 388
493 388
492 388
491 389
490 389
489 389
488 390
487 390
486 391
485 391
484 392
483 392
482 392
481 392
480 392
479 392
478 391
477 391
476 391
475 391
474 391
473 391
472 390
471 390
470 390
469 390
468 389
467 389
466 389
465 388
464 388
463 387
462 387
461 386
460 386
459 385
458 385
457 385
456 385
455 385
454 385
453 385
452 385
451 384
450 384
449 384
448 383
447 382
446 381
447 380
448 379
449 379
450 379
451 379
452 379
453 379
454 379
455 379
456 378
457 378
458 377
459 377
460 376
461 376
462 375
463 374
464 374
465 373
466 372
467 371
468 371
469 370
470 369
471 368
472 367
473 366
474 365
475 364
476 363
477 362
478 361
479 360
479 359
480 358
480 357
481 356
481 355
481 354
481 353
481 352
481 351
481 350
481 349
481 348
481 347
482 346
482 345
483 344
483 343
484 342
484 341
484 340
484 339
484 338
484 337
483 336
483 335
482 334
482 333
481 332
480 331
480 330
479 329
479 328
479 327
479 326
480 326
481 326
482 326
483 326
484 326
485 326
486 326
487 326
488 326
489 327
490 327
491 327
492 328
493 329
494 329
495 330
496 331
497 331
498 332
499 333
500 333
501 334
502 334
503 335
504 335
505 335
506 335
507 335
508 335
509 335
510 335
511 334
512 334
513 333
514 333
515 332
516 332
517 331
518 330
519 330
520 329
521 329
522 329
523 328
524 328
525 327
526 327
527 326
528 325
529 324
530 323
530 322
531 321
531 320
532 319
533 319
534 319
535 318
536 318
537 319
538 319
539 319
540 320
541 321
542 322
543 323
544 324
545 325
546 325
547 326
548 326
549 327
550 327
551 327
552 327
553 327
554 327
555 327
556 326
557 326
558 325
559 325
560 324
561 324
562 323
563 322
564 321
565 321
566 320
567 319
568 319
569 318
570 317
571 316
572 315
573 314
574 313
575 312
576 311
577 310
577 309
578 308
579 307
580 306
581 305
582 304
583 303
583 302
584 301
585 300
586 299
586 298
587 297
588 296
588 295
589 294
589 293
590 292
591 291
591 290
592 289
592 288
593 287
593 286
593 285
594 284
594 283
595 282
595 281
596 280
596 279
597 278
597 277
598 276
598 275
599 274
599 273
600 272
600 271
600 270
601 269
601 268
601 267
602 266
602 265
602 264
603 263
603 262
603 261
604 260
605 259
605 258
606 257
606 256
607 255
607 254
607 253
608 252
608 251
609 250
609 249
609 248
610 247
610 246
611 245
611 244
612 243
612 242
612 241
613 240
613 239
613 238
613 237
614 236
614 235
614 234
614 233
614 232
615 231
615 230
615 229
615 228
616 227
616 226
617 225
617 224
617 223
618 222
618 221
618 220
619 219
619 218
619 217
620 216
620 215
620 214
621 213
621 212
622 211
622 210
622 209
623 208
623 207
623 206
624 205
624 204
624 203
625 202
625 201
626 200
626 199
626 198
626 197
627 196
627 195
627 194
627 193
627 192
628 191
628 190
628 189
628 188
628 187
628 186
628 185
627 184
627 183
627 182
627 181
627 180
626 179
626 178
626 177
625 176
625 175
624 174
624 173
623 172
622 171
621 170
621 169
620 168
619 167
619 166
619 165
618 164
618 163
618 162
617 161
617 160
616 159
616 158
615 157
615 156
614 155
614 154
614 153
614 152
615 152
616 152
617 152
618 153
619 153
620 154
621 154
622 155
623 156
624 157
624 158
625 159
625 160
626 161
627 162
628 163
629 164
630 165
631 166
632 167
633 168
634 169
635 170
636 171
637 172
638 172
639 173
640 173
641 174
642 174
643 174
644 174
645 174
646 174
647 173
648 173
649 172
650 172
651 171
652 170
653 169
653 168
654 167
655 166
656 165
657 164
657 163
658 162
659 161
660 160
661 159
662 158
663 158
664 157
665 156
666 156
667 155
668 155
669 154
670 153
671 152
672 151
673 150
674 149
675 148
676 147
677 147
678 147
679 147