551 290
552 291
553 291
554 292
555 292
556 293
557 293
558 294
559 294
560 294
561 294
562 294
563 294
564 294
565 294
566 293
567 293
568 293
569 293
570 293
571 293
572 294
573 294
574 295
575 296
576 296
577 297
578 297
579 298
580 298
581 299
582 299
583 300
584 301
585 301
586 302
587 303
588 304
589 305
590 306
591 306
592 307
593 307
594 308
595 308
596 309
597 309
598 310
599 310
600 310
601 310
602 310
603 310
604 310
605 310
606 310
607 310
608 311
609 311
610 311
611 312
612 312
613 313
613 314
614 315
615 316
616 317
616 318
617 319
618 320
619 321
620 322
621 323
622 324
623 324
624 325
625 325
626 326
627 326
628 326
629 326
630 326
631 326
632 326
633 326
634 327
635 327
636 328
637 328
638 329
639 329
640 329
641 329
642 329
643 328
644 328
645 327
646 327
647 326
648 325
649 324
650 323
650 322
651 321
651 320
652 319
653 320
654 321
655 322
656 323
657 324
658 325
659 325
660 326
661 327
661 328
661 329
661 330
661 331
661 332
661 333
661 334
661 335
661 336
661 337
661 338
661 339
661 340
661 341
661 342
661 343
660 344
660 345
660 346
660 347
660 348
660 349
660 350
661 351
661 352
662 353
662 354
663 355
664 356
665 357
666 358
667 359
668 360
669 361
670 361
671 362
672 363
673 363
674 364
675 364
676 365
677 365
678 366
679 367
680 367
681 368
682 368
683 369
684 369
685 370
686 371
687 371
688 372
689 373
690 373
691 374
692 375
693 375
694 376
695 376
696 377
697 378
698 378
699 379
700 379
701 380
702 381
703 381
704 382
705 382
706 383
707 383
708 384
709 384
710 385
711 385
712 386
713 387
714 387
715 388
716 388
717 389
718 389
719 390
720 390
721 391
722 391
723 392
724 392
725 393
726 393
727 394
728 394
729 395
730 395
731 395
732 396
733 396
734 397
735 397
736 398
737 398
738 399
739 399
740 400
741 400
742 400
743 401
744 401
745 402
746 402
747 402
748 403
749 403
750 404
751 404
752 405
753 405
754 406
755 406
756 406
757 407
758 407
759 408
760 408
761 408
762 408
763 409
764 409
765 409
766 410
767 410
768 410
769 411
770 411
771 411
772 412
773 412
774 413
775 414
776 414
777 415
778 416
779 417
780 417
781 418
782 418
783 419
784 419
785 420
786 421
787 421
788 422
789 422
790 423
791 423
792 424
793 424
794 425
795 425
796 426
797 426
798 427
799 427
800 428
801 428
802 429
803 429
804 430
805 430
806 430
807 431
808 431
809 432
810 432
811 432
812 432
813 432
814 432
815 432
816 432
817 432
818 433
819 433
820 434
821 434
822 435
823 435
824 435
825 436
826 436
827 437
828 438
829 439
830 439
831 440
831 441
832 442
833 443
833 444
834 445
835 446
835 447
835 448
835 449
834 450
834 451
833 452
832 453
832 454
831 455
831 456
830 457
830 458
830 459
830 460
830 461
830 462
831 463
831 464
832 465
832 466
833 467
834 468
834 469
835 470
836 471
837 472
838 472
839 473
840 473
841 474
842 474
843 475
843 476
844 477
844 478
844 479
845 480
845 481
846 482
846 483
847 484
848 485
849 486
850 487
851 488
852 489
853 490
854 491
855 492
856 492
857 493
858 494
859 495
860 495
861 496
862 497
863 497
864 498
864 499
865 500
866 501
866 502
867 503
868 504
869 505
869 506
870 507
871 508
872 509
873 510
874 511
875 512
876 513
877 513
878 514
879 515
880 516
881 517
882 518
883 518
884 519
885 520
886 521
887 521
888 522
889 523
890 524
891 524
892 525
893 526
894 527
895 528
896 529
897 530
898 531
899 532
900 533
901 534
902 535
903 536
904 537
905 538
906 539
907 540
908 541
909 542
910 543
911 544
912 545
913 546
914 547
915 548
916 549
917 549
918 550
919 551
920 551
921 552
922 553
923 553
924 554
925 555
926 555
927 556
928 557
929 558
930 558
931 559
932 559
933 560
934 561
935 561
936 562
937 562
938 563
939 563
940 564
941 564
942 564
943 565
944 565
945 566
946 567
947 567
948 568
949 569
950 570
951 571
952 572
953 573
953 574
954 575
954 576
955 577
955 578
955 579
954 580
953 580
952 581
951 582
950 583
949 584
949 585
948 586
948 587
947 588
947 589
947 590
947 591
947 592
948 593
948 594
949 595
949 596
950 597
951 598
952 599
953 599
954 600
955 601
956 601
957 602
958 602
959 603
960 603
961 604
962 604
963 604
964 605
965 605
966 605
967 606
968 606
969 607
970 607
971 608
972 608
973 608
974 608
975 608
976 608
977 609
978 609
979 610
979 611
979 612
979 613
979 614
979 615
979 616
979 617
979 618
979 619
979 620
979 621
979 622
979 623
979 624
979 625
979 626
979 627
979 628
979 629
980 630
980 631
981 632
981 633
981 634
981 635
981 636
981 637
981 638
982 639
982 640
983 641
983 642
984 643
984 644
985 645
986 646
987 647
988 647
989 648
990 649
991 649
992 650
993 651
994 652
995 653
995 654
996 655
996 656
997 657
997 658
998 659
998 660
999 661
1000 662
1001 663
1002 663
1003 664
1004 664
1005 665
1006 665
1007 665
1008 666
1008 667
1009 668
1009 669
1009 670
1010 671
1010 672
1011 673
1011 674
1012 675
1013 676
1014 677
1015 678
1016 679
1017 679
1018 680
1019 681
1020 682
1021 682
1022 683
1023 684
1024 685
1025 686
1026 687
1027 688
1028 688
1029 689
1030 690
1031 690
1032 691
1033 691
1034 692
1035 692
1036 692
1037 693
1038 693
1039 693
1040 694
1041 695
1042 696
1043 697
1044 698
1045 698
1046 699
1047 699
1048 700
1049 701
1050 701
1051 702
1052 703
1053 704
1054 705
1055 706
1056 706
1057 707
1058 708
1059 709
1060 710
1061 711
1062 712
1062 713
1063 714
1064 715
1064 716
1065 717
1065 718
1066 719
1067 720
1067 721
1068 722
1068 723
1068 724
1068 725
1068 726
1068 727
1069 728
1069 729
1069 730
1069 731
1070 732
1070 733
1070 734
1071 735
1071 736
1072 737
1072 738
1072 739
1072 740
1071 741
1071 742
1070 743
1070 744
1069 745
1069 746
1069 747
1068 748
1068 749
1068 750
1068 751
1068 752
1069 753
1069 754
1070 755
1070 756
1071 757
1072 758
1073 759
1074 759
1075 760
1076 760
1077 761
1078 761
1079 762
1080 762
1080 763
1079 763
1078 764
1077 764
1076 765
1075 765
1074 766
1073 767
1072 768
1072 769
1071 770
1071 771
1070 772
1070 773
1069 774
1069 775
1068 776
1068 777
1068 778
1068 779
1068 780
1067 781
1067 782
1067 783
1067 784
1066 785
1065 786
1064 786
1063 786
1062 787
1061 787
1060 788
1059 788
1058 789
1057 790
1056 790
1055 791
1054 792
1053 792
1052 793
1051 793
1050 793
1049 794
1048 794
1047 794
1046 794
1045 794
1044 794
1043 794
1042 794
1041 794
1040 794
1039 794
1038 793
1037 793
1036 793
1035 793
1034 793
1033 792
1032 792
1031 792
1030 791
1029 791
1028 791
1027 790
1026 790
1025 789
1024 789
1023 789
1022 788
1021 788
1020 787
1019 787
1018 786
1017 786
1016 785
1015 785
1014 784
1013 784
1012 784
1011 783
1010 783
1009 783
1008 782
1007 782
1006 782
1005 782
1004 781
1003 781
1002 781
1001 780
1000 780
999 780
998 780
997 779
996 779
995 779
994 779
993 778
992 778
991 778
990 777
989 777
988 776
987 776
986 775
985 775
984 775
983 775
982 774
981 774
980 774
979 774
978 773
977 773
976 773
975 773
974 773
973 772
972 772
971 772
970 772
969 772
968 772
967 772
966 771
965 771
964 771
963 771
962 771
961 771
960 771
959 771
958 771
957 771
956 771
955 771
954 771
953 771
952 771
951 772
950 772
949 772
948 772
947 772
946 772
945 772
944 773
943 773
942 774
941 774
940 775
939 776
938 777
938 778
937 779
937 780
936 781
936 782
935 783
935 784
934 785
934 786
933 787
932 788
932 789
931 789
930 790
929 790
928 790
927 789
926 788
926 787
925 786
925 785
924 784
924 783
923 782
922 781
922 780
921 779
920 778
919 777
918 776
917 776
916 775
915 775
914 774
913 774
912 774
911 774
910 774
909 774
908 774
907 775
906 775
905 776
904 776
903 777
902 777
901 777
900 778
899 778
898 778
897 779
896 779
895 779
894 779
893 779
892 779
891 779
890 779
889 779
888 779
887 779
886 779
885 780
884 780
883 781
882 781
881 782
880 783
879 784
878 785
878 786
877 787
876 788
875 788
874 787
873 787
872 787
871 786
870 786
869 786
868 786
867 786
866 786
865 786
864 786
863 785
862 785
861 784
860 784
859 784
858 783
857 783
856 782
855 782
854 782
853 781
852 781
851 781
850 781
849 780
848 780
847 780
846 780
845 780
844 780
843 779
842 779
841 779
840 779
839 779
838 778
837 778
836 778
835 778
834 777
833 777
832 777
831 777
830 777
829 777
828 777
827 777
826 778
825 778
824 778
823 778
822 778
821 779
820 779
819 780
818 780
817 781
816 781
815 782
814 782
813 782
812 783
811 783
810 783
809 783
808 783
807 782
806 782
805 782
804 782
803 782
802 781
801 781
800 781
799 780
798 779
797 779
796 778
795 778
794 777
793 777
792 776
791 776
790 775
789 775
788 775
787 774
786 774
785 774
784 773
783 773
782 773
781 772
780 772
779 772
778 772
777 772
776 771
775 771
774 771
773 771
772 771
771 771
770 771
769 771
768 771
767 770
766 770
765 770
764 770
763 770
762 770
761 770
760 769
759 769
758 769
757 769
756 769
755 769
754 769
753 769
752 768
751 768
750 768
749 768
748 768
747 768
746 768
745 768
744 769
743 769
742 770
741 770
740 771
739 771
738 772
737 773
736 774
736 775
735 776
735 777
734 778
734 779
734 780
733 781
733 782
733 783
732 784
731 785
730 785
729 786
728 786
727 786
726 787
725 787
724 787
723 787
722 787
721 787
720 787
719 787
718 787
717 787
716 787
715 787
714 788
713 788
712 788
711 788
710 787
709 787
708 786
707 786
706 786
705 785
704 785
703 784
702 784
701 783
700 783
699 782
698 782
697 781
696 781
695 781
694 780
693 780
692 780
691 780
690 779
689 779
688 779
687 779
686 779
685 779
684 779
683 779
682 779
681 779
680 778
679 778
678 777
677 777
676 776
675 776
674 776
673 776
672 776
671 775
670 775
669 775
668 775
667 775
666 775
665 774
664 774
663 774
662 774
661 774
660 774
659 774
658 774
657 774
656 774
655 774
654 774
653 774
652 774
651 774
650 774
649 774
648 774
647 774
646 774
645 774
644 774
643 774
642 774
641 774
640 774
639 774
638 774
637 774
636 774
635 774
634 774
633 774
632 774
631 774
630 774
629 774
628 775
627 775
626 775
625 775
624 775
623 775
622 775
621 776
620 776
619 776
618 776
617 777
616 777
615 777
614 778
613 778
612 779
611 779
610 780
609 781
608 782
607 783
606 784
605 784
604 785
603 785
602 785
601 785
600 786
599 786
598 787
597 787
596 788
595 789
594 790
593 791
592 792
592 793
591 793
590 794
589 795
588 795
587 795
586 795
585 796
584 796
583 795
582 795
581 795
580 795
579 795
578 795
577 794
576 794
575 794
574 793
573 793
572 793
571 792
570 792
569 792
568 792
567 792
566 791
565 791
564 791
563 791
562 791
561 791
560 791
559 791
558 791
557 791
556 791
555 791
554 791
553 790
552 790
551 790
550 790
549 790
548 790
547 790
546 790
545 790
544 790
543 790
542 790
541 790
540 790
539 790
538 790
537 790
536 790
535 791
534 791
533 791
532 791
531 791
530 791
529 791
528 791
527 791
526 791
525 791
524 791
523 791
522 792
521 792
520 792
519 792
518 792
517 792
516 792
515 792
514 792
513 793
512 793
511 793
510 793
509 793
508 793
507 793
506 793
505 793
504 793
503 792
502 792
501 792
500 791
499 791
498 790
497 790
496 789
496 788
495 787
495 786
494 785
493 784
492 783
491 782
490 782
489 781
488 781
487 780
486 780
485 780
484 780
483 780
482 780
481 780
480 781
479 781
478 781
477 781
476 781
475 782
474 782
473 782
472 782
471 782
470 782
469 783
468 783
467 784
466 784
465 785
464 786
463 787
462 788
461 788
460 788
459 787
458 787
457 786
456 786
455 786
454 785
453 785
452 785
451 785
450 785
449 785
448 785
447 785
446 785
445 786
444 786
443 786
442 786
441 786
440 787
439 787
438 787
437 787
436 788
435 788
434 789
433 789
432 790
431 790
430 790
429 791
428 791
427 791
426 792
425 792
424 793
423 793
422 794
421 794
420 795
419 796
418 797
417 798
416 799
415 800
414 800
413 801
412 802
411 802
410 803
409 803
408 802
408 801
408 800
408 799
408 798
408 797
408 796
408 795
408 794
408 793
407 792
407 791
406 790
406 789
405 788
404 787
403 786
403 785
402 784
402 783
402 782
402 781
402 780
402 779
403 778
403 777
403 776
404 775
404 774
404 773
405 772
405 771
405 770
405 769
405 768
406 767
406 766
406 765
406 764
406 763
407 762
407 761
407 760
407 759
407 758
407 757
407 756
407 755
408 754
408 753
409 752
409 751
409 750
409 749
409 748
408 747
408 746
407 745
407 744
406 743
405 742
405 741
405 740
406 739
406 738
407 737
408 736
409 735
409 734
410 733
410 732
411 731
411 730
412 729
412 728
412 727
412 726
412 725
412 724
413 723
413 722
413 721
413 720
413 719
413 718
413 717
412 716
412 715
412 714
412 713
412 712
412 711
412 710
412 709
412 708
411 707
411 706
411 705
411 704
411 703
410 702
410 701
410 700
410 699
409 698
409 697
409 696
409 695
409 694
409 693
409 692
409 691
408 690
408 689
408 688
408 687
408 686
407 685
407 684
407 683
407 682
407 681
406 680
406 679
406 678
406 677
405 676
405 675
405 674
404 673
404 672
404 671
404 670
403 669
403 668
403 667
402 666
402 665
402 664
401 663
401 662
401 661
400 660
400 659
400 658
399 657
399 656
399 655
398 654
398 653
397 652
397 651
397 650
396 649
396 648
395 647
395 646
394 645
394 644
393 643
393 642
392 641
392 640
391 639
391 638
390 637
390 636
389 635
389 634
388 633
388 632
387 631
387 630
386 629
385 628
385 627
384 626
383 625
383 624
382 623
381 622
381 621
380 620
380 619
379 618
379 617
378 616
378 615
377 614
377 613
376 612
375 611
375 610
374 609
373 608
372 607
371 606
370 605
369 604
368 603
367 602
366 601
365 601
364 600
363 599
362 598
361 598
360 597
359 597
358 596
358 595
358 594
359 593
359 592
360 591
360 590
361 589
361 588
361 587
361 586
361 585
361 584
360 583
360 582
359 581
359 580
358 579
357 578
356 577
355 576
355 575
354 574
353 573
352 572
352 571
351 570
350 569
350 568
349 567
348 566
347 565
346 564
345 563
344 562
344 561
343 560
342 559
341 558
340 557
339 556
338 555
337 554
336 553
335 553
334 552
333 551
332 550
331 549
331 548
330 547
329 546
328 545
327 544
326 543
325 542
324 541
323 540
322 539
321 539
320 538
319 537
318 536
317 536
316 535
315 534
314 533
313 533
312 532
311 531
310 531
309 530
308 529
307 529
306 528
305 527
304 527
303 526
302 525
301 525
300 524
299 524
298 523
297 523
296 522
295 522
294 522
293 522
292 522
291 522
290 522
289 522
288 523
287 523
286 523
285 523
284 523
283 522
282 521
281 521
281 520
280 519
280 518
280 517
280 516
279 515
279 514
278 513
278 512
277 511
277 510
276 509
275 508
274 507
273 506
273 505
272 504
271 503
270 502
269 501
268 500
268 499
267 498
266 497
265 496
264 495
263 494
262 494
261 493
260 492
259 492
258 491
257 491
256 490
255 490
254 489
253 489
252 488
251 488
250 487
249 487
248 486
247 486
246 485
245 485
244 484
243 484
242 484
241 483
240 483
239 483
238 483
237 482
236 482
235 481
234 481
233 480
232 479
231 478
230 477
229 476
228 475
228 474
227 473
226 472
225 471
224 470
223 469
222 468
221 468
220 467
219 466
218 466
217 465
216 465
215 464
214 464
213 463
212 462
211 462
210 461
209 461
208 460
207 459
206 459
205 458
204 457
203 456
202 455
202 454
201 453
200 452
199 451
198 450
197 449
196 448
195 448
194 447
193 447
192 446
191 446
190 445
189 445
188 445
187 444
186 444
185 444
184 443
183 443
182 442
181 442
180 441
180 440
179 439
179 438
179 437
178 436
178 435
177 434
177 433
176 432
175 431
174 430
173 430
172 429
171 429
170 428
169 428
168 428
167 428
166 427
165 426
164 425
163 425
162 424
161 424
160 423
159 423
158 423
157 423
156 423
155 423
154 423
153 423
153 422
154 421
155 420
156 419
157 418
158 418
159 417
160 416
161 415
162 414
163 413
163 412
164 411
165 410
166 410
167 409
168 409
169 408
170 408
171 407
172 406
173 405
174 404
174 403
175 402
175 401
176 400
176 399
176 398
176 397
176 396
176 395
175 394
175 393
174 392
174 391
174 390
175 390
176 389
177 389
178 389
179 389
180 390
181 390
182 390
183 390
184 390
185 390
186 390
187 390
188 390
189 390
190 390
191 389
192 389
193 389
194 389
195 389
196 389
197 389
198 389
199 389
200 390
201 390
202 390
203 390
204 390
205 390
206 390
207 390
208 390
209 389
210 389
211 388
212 388
213 387
214 386
215 385
216 384
217 384
218 384
219 384
220 384
221 384
222 384
223 384
224 384
225 384
226 384
227 384
228 384
229 384
230 384
231 383
232 383
233 382
234 382
235 381
236 380
237 380
238 379
239 379
240 378
241 378
242 377
243 377
244 377
245 377
246 377
247 377
248 377
249 377
250 378
251 378
252 378
253 379
254 379
255 379
256 379
257 379
258 380
259 380
260 380
261 381
262 381
263 381
264 382
265 382
266 382
267 383
268 383
269 383
270 383
271 384
272 384
273 384
274 384
275 385
276 385
277 385
278 385
279 385
280 385
281 385
282 384
283 384
284 383
285 383
286 382
287 381
288 380
289 379
290 379
291 379
292 379
293 379
294 379
295 379
296 379
297 378
298 378
299 378
300 378
301 378
302 378
303 378
304 378
305 378
306 378
307 377
308 377
309 376
310 376
311 377
312 377
313 378
314 379
315 380
316 380
317 381
318 382
319 382
320 383
321 383
322 384
323 384
324 385
325 385
326 385
327 385
328 385
329 385
330 385
331 385
332 385
333 384
334 384
335 383
336 383
337 382
338 382
339 382
340 383
341 383
342 384
343 384
344 385
345 385
346 386
347 386
348 386
349 386
350 386
351 385
352 385
353 386
354 386
355 386
356 386
357 386
358 386
359 386
360 386
361 385
362 385
363 386
364 386
365 386
366 387
367 388
368 389
369 390
370 390
371 391
372 391
373 392
374 392
375 392
376 392
377 392
378 392
379 392
380 392
381 392
382 392
383 392
384 392
385 392
386 392
387 391
388 391
389 390
390 390
391 389
392 388
393 387
394 388
395 388
396 389
397 390
398 391
399 392
400 392
401 393
402 393
403 394
404 394
405 394
406 394
407 394
408 394
409 394
410 394
411 394
412 394
413 394
414 394
415 394
416 393
417 393
418 392
419 392
420 391
421 391
422 392
423 392
424 393
425 393
426 394
427 394
428 395
429 395
430 395
431 395
432 395
433 395
434 395
435 395
436 396
437 396
438 396
439 396
440 396
441 396
442 396
443 396
444 396
445 395
446 395
447 395
448 395
449 395
450 395
451 395
452 395
453 394
454 394
455 394
456 394
457 394
458 394
459 393
460 393
461 393
462 392
463 392
464 392
465 391
466 391
467 390
468 390
469 389
470 389
471 388
472 387
473 386
474 385
475 385
476 385
477 385
478 385
479 384
480 384
481 383
482 383
483 382
484 382
485 381
486 381
487 381
488 380
489 380
490 380
491 380
492 380
493 380
494 380
495 380
496 379
497 379
498 379
499 378
500 378
501 377
502 377
503 376
504 375
505 374
506 373
507 372
507 371
508 370
508 369
509 369
510 369
511 369
512 369
513 369
514 369
515 369
516 369
517 369
518 368
519 368
520 367
521 367
522 366
523 366
524 365
525 364
526 363
527 362
528 362
529 361
530 360
531 360
532 359
533 358
534 357
535 357
536 356
537 355
538 354
539 353
540 352
541 351
541 350
542 349
542 348
543 347
543 346
543 345
543 344
543 343
544 342
544 341
545 340
546 339
546 338
547 337
547 336
548 335
548 334
549 333
549 332
549 331
549 330
549 329
549 328
549 327
549 326
549 325
549 324
549 323
549 322
550 321
550 320
550 319
550 318
550 317
550 316
550 315
550 314
549 313
549 312
549 311
549 310
548 309
548 308
548 307
548 306
548 305
548 304
548 303
548 302
548 301
548 300
548 299
548 298
548 297
548 296
548 295
547 294
547 293
547 292
547 291
547 290
548 290
549 290
550 290