582 349
583 350
584 350
584 351
585 352
585 353
586 354
587 355
588 356
589 357
590 358
591 358
592 359
593 359
594 360
595 360
596 361
597 361
598 361
599 362
600 362
601 363
602 363
603 363
604 363
605 363
606 364
607 364
608 364
609 364
610 364
611 365
612 366
613 366
614 367
615 368
616 369
617 370
618 371
618 372
619 373
619 374
620 375
620 376
621 377
621 378
622 379
623 380
623 381
624 382
625 383
626 384
626 385
627 386
628 387
629 388
630 389
631 390
632 391
633 392
634 393
635 394
636 394
637 395
638 396
639 397
640 397
641 398
642 398
643 399
644 399
645 400
646 400
647 400
648 401
649 401
650 401
651 401
652 401
653 401
654 401
655 401
656 400
657 400
658 399
659 399
660 398
661 397
662 396
663 397
664 397
664 398
665 399
666 400
667 401
668 401
669 402
670 402
671 403
672 403
673 403
674 403
675 403
676 404
677 404
678 404
679 404
680 404
681 404
682 403
683 403
684 403
685 403
686 404
686 405
687 406
688 407
689 408
690 409
691 410
692 410
693 411
694 411
695 412
696 412
697 412
698 413
699 413
700 413
701 413
702 413
703 413
704 413
705 412
706 412
707 412
708 412
709 412
710 412
711 413
712 413
713 413
714 414
715 414
716 415
717 415
718 416
719 416
720 416
721 416
722 416
723 416
724 415
725 416
726 416
727 417
728 418
729 418
730 419
731 419
732 420
733 420
734 420
735 420
736 420
737 420
738 420
739 420
740 420
741 420
742 420
743 420
744 421
745 421
745 422
744 423
743 424
743 425
742 426
742 427
741 428
741 429
740 430
740 431
739 432
739 433
739 434
738 435
738 436
738 437
738 438
737 439
737 440
737 441
737 442
737 443
737 444
737 445
737 446
737 447
738 448
738 449
738 450
739 451
739 452
740 453
740 454
741 455
742 456
743 457
744 457
745 458
746 458
747 459
748 459
749 460
750 461
750 462
749 463
748 464
747 465
747 466
746 467
746 468
745 469
745 470
745 471
745 472
745 473
746 474
746 475
746 476
747 477
747 478
748 479
748 480
749 481
750 482
751 483
752 484
753 485
754 485
755 486
756 487
757 488
758 489
759 490
760 491
761 492
762 493
763 493
764 494
765 494
766 495
767 496
768 496
769 497
770 498
770 499
770 500
770 501
770 502
770 503
770 504
771 505
771 506
772 507
772 508
773 509
774 510
775 511
776 511
777 512
778 512
779 513
780 513
781 514
782 514
783 514
784 514
785 514
786 515
787 516
787 517
787 518
788 519
788 520
789 521
789 522
790 523
790 524
791 525
792 526
793 527
794 528
795 528
796 529
797 530
798 531
799 532
800 532
801 533
801 534
802 535
803 536
804 537
805 538
806 539
807 539
808 540
809 540
810 541
811 541
812 541
813 541
814 541
815 540
816 540
817 539
818 539
819 538
820 537
821 537
822 538
823 539
823 540
824 541
825 542
826 543
827 544
828 544
829 545
830 545
831 546
832 546
833 547
834 548
835 548
836 549
837 550
838 551
838 552
839 553
839 554
840 555
840 556
841 557
842 558
843 559
843 560
844 561
844 562
845 563
844 564
844 565
843 566
843 567
842 568
842 569
842 570
842 571
842 572
841 573
841 574
840 575
839 575
838 576
837 577
836 578
835 578
834 579
833 580
832 581
831 582
830 583
829 584
828 585
828 586
827 587
826 588
825 589
824 590
824 591
823 592
822 593
822 594
821 595
821 596
820 597
820 598
820 599
820 600
820 601
820 602
821 603
821 604
821 605
821 606
821 607
820 608
819 609
818 610
817 611
817 612
816 613
816 614
815 615
815 616
815 617
815 618
814 619
814 620
814 621
813 622
813 623
813 624
813 625
813 626
813 627
813 628
813 629
813 630
813 631
813 632
813 633
813 634
813 635
813 636
813 637
812 638
811 639
810 640
809 641
809 642
808 643
808 644
807 645
807 646
807 647
807 648
807 649
806 650
806 651
806 652
806 653
805 654
804 655
803 655
802 656
801 656
800 657
799 657
798 658
797 659
796 660
795 660
794 661
793 661
792 662
791 663
790 664
790 665
789 666
788 667
787 667
786 668
785 668
784 669
783 670
782 671
782 672
781 673
780 674
779 674
778 675
777 675
776 675
775 676
774 676
773 677
772 677
771 678
770 679
769 680
769 681
768 682
767 683
766 684
765 684
764 685
763 685
762 686
761 686
760 686
759 687
758 687
757 687
756 688
755 688
754 689
753 689
752 689
751 690
750 690
749 690
748 690
747 690
746 691
745 691
744 691
743 691
742 691
741 692
740 692
739 692
738 692
737 692
736 692
735 693
734 693
733 693
732 693
731 694
730 694
729 695
728 695
727 696
726 696
725 696
724 697
723 697
722 697
721 698
720 698
719 698
718 698
717 698
716 698
715 699
714 699
713 699
712 700
711 700
710 701
709 701
708 702
707 702
706 703
705 704
704 705
703 706
702 707
701 708
700 708
699 709
698 709
697 710
696 711
695 712
694 713
693 714
693 715
692 716
692 717
691 718
691 719
691 720
691 721
690 722
689 723
688 723
687 723
686 723
685 723
684 723
683 723
682 723
681 723
680 723
679 723
678 723
677 723
676 723
675 723
674 723
673 724
672 724
671 724
670 724
669 725
668 725
667 725
666 725
665 726
664 726
663 726
662 726
661 726
660 727
659 727
658 727
657 727
656 726
655 726
654 726
653 726
652 726
651 726
650 726
649 726
648 727
647 727
646 727
645 727
644 728
643 728
642 729
641 729
640 730
639 731
638 732
637 733
637 734
636 735
635 736
634 736
633 736
632 736
631 736
630 736
629 736
628 736
627 737
626 737
625 738
624 738
623 739
622 740
621 741
620 742
620 743
619 743
619 742
618 741
618 740
617 739
617 738
616 737
616 736
615 735
614 734
613 733
612 732
611 732
610 731
609 731
608 730
607 730
606 730
605 730
604 730
603 730
602 730
601 731
600 731
599 732
598 732
597 732
596 732
595 733
594 733
593 733
592 733
591 733
590 733
589 733
588 733
587 733
586 733
585 733
584 733
583 733
582 734
581 734
580 734
579 733
578 733
577 733
576 733
575 733
574 733
573 733
572 733
571 734
570 734
569 734
568 734
567 735
566 735
565 735
564 736
563 736
562 737
561 737
560 737
559 737
558 737
557 737
556 736
555 736
554 736
553 735
552 735
551 734
550 734
549 734
548 734
547 734
546 734
545 735
544 735
543 735
542 734
541 734
540 733
540 732
539 731
538 730
537 729
536 729
535 728
534 728
533 727
532 727
531 727
530 727
529 727
528 726
527 726
526 726
525 725
524 725
523 725
522 725
521 725
520 724
519 724
518 723
517 722
516 721
515 721
514 720
513 720
512 719
511 718
510 718
509 717
508 716
507 715
506 714
505 713
504 713
503 712
502 712
501 711
500 711
499 710
498 710
497 709
496 708
495 707
494 706
493 705
492 704
491 704
490 703
489 703
488 702
487 702
486 702
485 702
484 702
483 701
482 701
481 701
480 701
479 701
478 701
477 701
476 701
475 701
474 701
473 700
472 700
471 699
470 699
469 698
468 698
467 697
466 697
465 696
465 695
465 694
465 693
465 692
464 691
464 690
463 689
463 688
462 687
461 686
460 685
459 685
458 684
457 683
456 682
455 681
454 680
453 680
452 679
451 678
450 677
450 676
449 675
448 674
447 673
446 672
446 671
446 670
445 669
445 668
444 667
444 666
443 665
442 664
441 663
440 662
439 661
438 660
437 660
436 659
435 658
434 657
433 656
432 656
431 655
430 654
429 654
428 653
427 652
427 651
427 650
427 649
427 648
427 647
427 646
426 645
426 644
425 643
425 642
424 641
423 640
422 639
421 638
420 637
419 636
418 636
417 635
416 634
416 633
416 632
415 631
415 630
414 629
414 628
413 627
413 626
412 625
412 624
412 623
412 622
412 621
413 620
413 619
413 618
413 617
413 616
412 615
412 614
411 613
411 612
410 611
409 610
408 609
407 609
406 608
405 608
404 607
403 607
402 607
401 607
401 606
402 606
403 605
404 604
405 603
406 602
406 601
407 600
407 599
408 598
408 597
408 596
408 595
408 594
407 593
407 592
406 591
406 590
405 589
405 588
405 587
405 586
404 585
404 584
403 583
403 582
402 581
402 580
401 579
401 578
400 577
399 576
398 575
397 574
396 574
395 573
394 573
393 572
392 572
391 571
392 570
392 569
393 568
393 567
394 566
394 565
394 564
394 563
394 562
394 561
394 560
393 559
393 558
392 557
392 556
391 555
391 554
391 553
392 553
393 552
394 552
395 551
396 550
397 549
397 548
398 547
398 546
399 545
399 544
399 543
399 542
399 541
399 540
399 539
399 538
399 537
400 536
400 535
401 534
401 533
401 532
401 531
401 530
401 529
402 528
402 527
402 526
402 525
402 524
402 523
402 522
402 521
402 520
402 519
402 518
402 517
402 516
402 515
403 514
403 513
404 512
404 511
405 510
405 509
405 508
406 507
406 506
407 505
407 504
407 503
408 502
408 501
408 500
408 499
409 498
409 497
409 496
409 495
409 494
409 493
409 492
409 491
408 490
408 489
408 488
408 487
408 486
408 485
408 484
408 483
408 482
407 481
407 480
407 479
407 478
408 477
408 476
408 475
408 474
408 473
408 472
408 471
408 470
407 469
407 468
407 467
407 466
407 465
407 464
406 463
406 462
406 461
405 460
405 459
404 458
404 457
403 456
402 455
401 454
400 454
399 453
398 453
397 452
396 451
396 450
397 449
397 448
398 447
398 446
398 445
398 444
398 443
398 442
398 441
397 440
397 439
397 438
396 437
396 436
395 435
395 434
394 433
393 432
393 431
392 430
392 429
391 428
392 427
392 426
393 425
394 424
395 423
396 422
397 422
398 422
399 422
400 422
401 422
402 422
403 422
404 422
405 422
406 422
407 422
408 422
409 422
410 422
411 421
412 421
413 420
414 420
415 419
416 419
417 418
418 417
419 416
420 415
421 414
422 413
423 413
424 413
425 413
426 413
427 413
428 412
429 412
430 411
431 411
432 410
433 409
434 409
435 408
436 408
437 407
438 406
439 405
440 404
440 403
441 402
441 401
442 400
442 399
442 398
442 397
442 396
441 395
441 394
440 393
440 392
439 391
439 390
440 390
441 389
442 389
443 389
444 389
445 389
446 388
447 388
448 388
449 388
450 388
451 388
452 388
453 388
454 389
455 389
456 389
457 389
458 389
459 389
460 389
461 389
462 389
463 389
464 389
465 388
466 388
467 388
468 387
469 387
470 386
471 386
472 385
473 384
474 383
475 382
475 381
476 380
476 379
477 378
477 377
477 376
477 375
477 374
476 373
476 372
476 371
476 370
475 369
475 368
474 367
474 366
473 365
472 364
471 363
470 362
469 361
468 360
468 359
468 358
468 357
468 356
469 355
470 355
471 355
472 355
473 355
474 356
475 357
476 358
477 359
477 360
478 361
478 362
479 363
479 364
480 365
480 366
481 367
481 368
482 369
483 370
484 371
485 371
486 372
487 372
488 373
489 373
490 373
491 373
492 373
493 373
494 373
495 372
496 372
497 371
498 371
499 370
500 369
501 368
501 367
502 366
503 365
504 364
505 364
506 363
507 363
508 362
509 362
510 361
511 361
512 360
513 360
514 359
515 359
516 358
517 358
518 357
519 357
520 356
521 356
522 356
523 356
524 356
525 356
526 356
527 357
528 357
529 358
530 358
531 359
532 359
533 359
534 359
535 359
536 359
537 360
538 360
539 360
540 360
541 360
542 360
543 360
544 359
545 359
546 358
547 358
548 357
549 357
550 356
551 356
552 356
553 355
554 355
555 354
556 354
557 353
558 352
559 351
560 351
561 351
562 351
563 352
564 352
565 352
566 353
567 353
568 353
569 353
570 353
571 352
572 352
573 352
574 352
575 351
576 351
577 351
578 351
579 350
580 350
581 349