583 310
584 311
585 311
586 312
587 312
588 313
589 313
590 314
591 314
592 315
593 315
594 315
595 315
596 315
597 315
598 315
599 315
600 315
601 315
602 314
603 314
604 313
605 313
606 312
607 312
608 312
609 312
610 312
611 312
612 312
613 312
614 312
615 312
616 313
617 313
618 314
619 314
620 315
621 315
622 316
623 316
624 316
625 316
626 317
627 317
628 317
629 318
630 319
631 320
632 321
633 322
634 323
635 324
635 325
636 326
637 327
637 328
638 329
638 330
639 331
639 332
640 333
640 334
641 335
642 336
643 337
644 338
645 339
646 339
647 340
648 340
649 341
650 341
651 342
652 342
653 342
654 342
655 343
656 343
657 344
658 345
658 346
659 347
659 348
659 349
660 350
660 351
660 352
660 353
660 354
661 355
661 356
661 357
661 358
661 359
661 360
661 361
661 362
661 363
661 364
661 365
662 366
662 367
662 368
662 369
662 370
663 371
663 372
664 373
664 374
665 375
665 376
666 377
666 378
667 379
668 380
668 381
669 382
670 383
670 384
671 385
671 386
671 387
672 388
672 389
672 390
673 391
673 392
673 393
673 394
674 395
674 396
674 397
675 398
675 399
676 400
676 401
677 402
678 403
679 404
680 405
681 406
682 406
682 407
683 408
683 409
684 410
684 411
685 412
685 413
686 414
686 415
687 416
687 417
688 418
689 419
689 420
690 421
691 422
691 423
692 424
693 425
694 426
695 427
696 428
697 429
698 430
699 431
700 431
701 432
702 433
703 434
704 435
705 436
706 437
707 438
708 438
709 439
710 440
711 441
712 441
713 442
714 443
715 443
716 444
717 444
718 445
719 445
720 446
721 446
722 446
723 446
724 446
725 446
726 447
727 447
728 447
729 447
730 447
731 448
732 448
733 448
734 449
735 449
736 449
737 450
738 450
739 450
740 451
741 451
742 452
743 452
744 452
745 452
746 452
747 452
748 453
749 453
750 453
751 453
752 454
753 454
754 454
755 455
756 455
757 455
758 456
759 456
760 457
761 458
762 459
763 459
764 460
765 461
766 462
767 463
768 463
769 464
769 465
770 466
771 467
771 468
772 469
772 470
772 471
772 472
773 473
773 474
774 475
774 476
775 477
775 478
776 479
776 480
777 481
778 482
778 483
779 484
779 485
779 486
780 487
780 488
780 489
780 490
780 491
780 492
780 493
779 494
779 495
779 496
779 497
778 498
777 499
776 500
775 501
774 502
773 502
772 503
771 504
770 504
769 505
768 505
767 506
766 507
765 507
764 508
763 509
762 509
761 510
760 510
759 511
758 511
757 512
756 512
755 513
754 513
753 514
752 515
751 515
750 516
749 517
748 518
747 519
746 520
745 521
745 522
744 523
743 524
743 525
742 526
741 527
740 528
740 529
739 530
738 531
738 532
737 533
737 534
736 535
736 536
735 537
735 538
734 539
734 540
733 541
733 542
733 543
733 544
732 545
732 546
732 547
732 548
731 549
731 550
730 551
730 552
729 553
729 554
729 555
728 556
728 557
728 558
727 559
727 560
727 561
727 562
727 563
727 564
727 565
727 566
728 567
728 568
728 569
728 570
728 571
728 572
728 573
728 574
728 575
728 576
728 577
728 578
728 579
728 580
727 581
727 582
727 583
727 584
727 585
727 586
727 587
728 588
728 589
728 590
728 591
728 592
729 593
729 594
730 595
730 596
731 597
732 598
732 599
733 600
733 601
733 602
734 603
734 604
734 605
733 606
732 607
732 608
731 609
731 610
730 611
730 612
729 613
728 614
728 615
727 616
726 617
725 618
724 619
723 620
723 621
722 622
722 623
721 624
721 625
720 626
720 627
719 628
718 629
717 630
716 631
715 632
714 633
713 634
712 634
711 635
710 636
709 636
708 637
707 638
706 639
705 640
704 641
703 642
702 643
701 644
700 645
699 645
698 646
697 647
696 647
695 648
694 649
693 650
692 651
692 652
691 653
691 654
690 655
690 656
689 657
689 658
689 659
689 660
688 661
688 662
688 663
687 664
687 665
687 666
686 667
686 668
685 669
684 670
683 670
682 671
681 671
680 671
679 671
678 671
677 672
676 672
675 673
674 673
673 673
672 674
671 674
670 674
669 675
668 675
667 676
666 676
665 677
664 678
663 678
662 679
661 679
660 680
659 681
658 682
657 683
656 684
656 685
655 686
655 687
654 688
654 689
653 690
652 691
651 691
650 691
649 691
648 690
647 690
646 689
645 689
644 689
643 688
642 688
641 688
640 688
639 688
638 688
637 689
636 689
635 689
634 689
633 690
632 690
631 690
630 691
629 691
628 692
627 692
626 693
625 693
624 694
623 694
622 695
621 696
620 696
619 697
618 698
617 699
616 699
615 700
614 701
613 702
612 703
611 704
610 705
609 706
608 707
607 708
606 709
605 710
605 711
604 712
603 713
602 714
601 715
600 716
599 717
598 718
597 719
596 719
595 720
594 721
593 722
592 723
591 724
590 725
589 726
588 727
587 728
586 729
585 730
584 731
583 732
583 733
582 734
581 735
580 736
580 737
579 738
578 739
578 740
577 741
576 742
575 743
575 744
574 745
573 746
572 746
571 747
570 748
569 749
568 750
567 751
566 752
565 753
564 753
563 754
562 754
561 755
560 755
559 755
558 755
557 755
556 755
555 755
554 755
553 756
552 756
551 757
550 757
549 758
548 758
547 759
546 759
545 760
544 760
543 761
542 762
541 763
540 764
539 765
538 766
537 767
536 768
535 768
534 769
533 769
532 770
531 770
530 771
529 771
528 772
527 773
526 774
525 775
525 776
524 777
524 778
523 779
523 780
522 781
521 782
520 782
519 782
518 783
517 783
516 784
515 784
514 785
513 786
512 787
511 788
510 789
509 789
508 790
507 790
506 790
505 789
504 788
503 787
502 786
501 785
500 784
499 783
498 783
497 782
496 782
495 781
494 781
493 780
492 780
491 780
490 779
489 779
488 779
487 778
486 778
485 778
484 778
483 778
482 777
481 777
480 777
479 777
478 776
477 776
476 775
475 775
474 775
473 775
472 775
471 776
470 776
469 777
468 777
467 778
466 779
465 779
464 780
463 781
462 782
461 782
460 782
459 782
459 781
459 780
459 779
460 778
460 777
461 776
461 775
462 774
462 773
462 772
462 771
462 770
462 769
462 768
461 767
461 766
460 765
460 764
459 763
459 762
458 761
458 760
457 759
457 758
456 757
455 756
454 755
453 755
452 754
451 754
450 753
449 753
448 753
447 753
446 753
446 752
445 751
445 750
445 749
445 748
445 747
446 746
447 745
447 744
448 743
448 742
449 741
449 740
450 739
450 738
450 737
450 736
450 735
450 734
450 733
450 732
450 731
449 730
449 729
449 728
449 727
449 726
449 725
449 724
450 723
451 722
452 721
452 720
453 719
453 718
454 717
455 716
456 715
456 714
457 713
457 712
458 711
459 710
460 709
461 708
462 707
462 706
463 705
464 704
465 703
466 702
466 701
467 700
468 699
468 698
469 697
469 696
470 695
471 694
471 693
472 692
472 691
473 690
473 689
474 688
474 687
474 686
475 685
475 684
476 683
476 682
477 681
477 680
478 679
478 678
479 677
479 676
479 675
479 674
479 673
479 672
480 671
480 670
480 669
481 668
482 667
483 666
483 665
484 664
484 663
485 662
485 661
486 660
486 659
486 658
487 657
487 656
488 655
488 654
489 653
490 652
490 651
491 650
491 649
492 648
492 647
493 646
493 645
493 644
494 643
494 642
495 641
495 640
496 639
496 638
496 637
497 636
497 635
497 634
498 633
498 632
498 631
499 630
499 629
499 628
500 627
500 626
500 625
501 624
501 623
501 622
502 621
502 620
502 619
503 618
503 617
503 616
504 615
504 614
504 613
504 612
505 611
505 610
505 609
505 608
505 607
506 606
506 605
506 604
506 603
507 602
507 601
507 600
507 599
508 598
508 597
508 596
508 595
508 594
509 593
509 592
509 591
509 590
509 589
509 588
510 587
510 586
510 585
510 584
510 583
511 582
511 581
511 580
511 579
511 578
512 577
512 576
512 575
512 574
512 573
512 572
512 571
513 570
513 569
513 568
513 567
513 566
513 565
513 564
513 563
513 562
513 561
513 560
513 559
513 558
513 557
513 556
513 555
513 554
513 553
513 552
513 551
513 550
513 549
513 548
513 547
513 546
513 545
513 544
513 543
513 542
513 541
513 540
513 539
513 538
513 537
512 536
512 535
512 534
512 533
512 532
511 531
511 530
511 529
511 528
510 527
510 526
510 525
509 524
509 523
508 522
508 521
507 520
507 519
506 518
505 517
505 516
504 515
503 514
502 513
501 512
500 511
499 510
498 510
497 509
496 509
495 508
494 508
493 507
492 507
491 506
490 506
489 506
488 505
487 505
486 504
485 504
484 503
483 502
482 502
481 501
480 500
479 499
479 498
478 497
478 496
479 495
480 494
481 494
482 494
483 493
484 493
485 493
486 493
487 493
488 493
489 492
490 492
491 491
492 491
493 490
494 489
495 488
495 487
496 486
496 485
497 484
497 483
497 482
498 481
498 480
498 479
499 478
499 477
499 476
499 475
500 474
500 473
500 472
500 471
501 470
501 469
501 468
501 467
502 466
502 465
502 464
502 463
503 462
503 461
503 460
503 459
504 458
504 457
504 456
504 455
504 454
505 453
505 452
505 451
505 450
505 449
506 448
506 447
506 446
506 445
506 444
506 443
506 442
506 441
506 440
506 439
506 438
506 437
506 436
506 435
506 434
506 433
506 432
506 431
506 430
506 429
506 428
506 427
506 426
506 425
506 424
506 423
506 422
506 421
506 420
506 419
505 418
505 417
504 416
504 415
503 414
503 413
502 412
502 411
502 410
501 409
501 408
501 407
501 406
500 405
500 404
500 403
500 402
500 401
500 400
500 399
500 398
500 397
499 396
499 395
499 394
499 393
499 392
499 391
499 390
499 389
498 388
498 387
498 386
498 385
498 384
498 383
498 382
499 381
499 380
499 379
500 378
500 377
500 376
501 375
501 374
501 373
501 372
501 371
502 370
502 369
502 368
502 367
503 366
503 365
503 364
503 363
504 362
504 361
504 360
505 359
505 358
506 357
507 356
508 355
509 355
510 354
511 354
512 353
513 352
514 352
515 351
516 350
517 349
517 348
518 347
519 346
519 345
520 344
520 343
521 342
521 341
522 340
522 339
523 338
523 337
523 336
523 335
523 334
524 333
524 332
524 331
524 330
525 329
525 328
525 327
525 326
526 325
526 324
526 323
526 322
527 321
527 320
528 320
529 320
530 320
531 320
532 321
533 322
534 323
535 323
536 324
537 324
538 325
539 325
540 325
541 326
542 326
543 326
544 326
545 326
546 326
547 326
548 326
549 326
550 326
551 326
552 326
553 326
554 326
555 326
556 325
557 325
558 325
559 325
560 325
561 324
562 324
563 323
564 323
565 322
566 322
567 321
568 321
569 320
570 319
571 319
572 318
573 317
574 316
574 315
575 314
575 313
576 312
577 311
578 310
579 310
580 310
581 310
582 310