325 258
326 259
327 259
328 259
329 259
330 259
331 259
332 259
333 259
334 260
335 260
336 260
337 260
338 260
339 261
340 261
341 262
342 262
343 263
344 263
345 264
346 265
347 266
348 267
349 268
350 268
351 269
352 269
353 270
354 270
355 271
356 271
357 271
358 271
359 271
360 271
361 271
362 271
363 271
364 271
365 271
366 272
367 272
368 272
369 272
370 272
371 272
372 272
373 272
374 272
375 273
376 273
377 273
378 273
379 274
380 274
381 274
382 275
383 275
384 276
385 276
386 276
387 277
388 277
389 277
390 278
391 278
392 278
393 278
394 278
395 279
396 279
397 279
398 279
399 279
400 279
401 279
402 279
403 279
404 279
405 279
406 279
407 279
408 278
409 278
410 278
411 278
412 278
413 278
414 278
415 278
416 278
417 279
418 279
419 279
420 279
421 280
422 280
423 280
424 280
425 281
426 281
427 282
428 283
428 284
429 285
429 286
430 287
430 288
431 289
431 290
432 291
433 292
434 293
435 294
436 295
437 295
438 296
439 296
440 297
441 297
442 297
443 297
444 298
445 298
446 298
447 298
448 299
449 299
450 299
451 300
452 300
453 300
454 300
455 300
456 300
457 300
458 300
459 301
460 301
461 301
462 301
463 301
464 301
465 301
466 302
467 302
468 302
469 302
470 303
471 303
472 303
473 303
474 303
475 303
476 303
477 302
478 302
479 301
480 301
481 301
482 301
483 301
484 301
485 301
486 301
487 301
488 301
489 302
490 302
491 302
492 303
493 303
494 303
495 304
496 304
497 305
498 306
499 306
500 307
501 308
502 309
503 310
504 310
505 311
506 311
507 312
508 312
509 312
510 313
511 313
512 313
513 313
514 314
515 314
516 314
517 315
518 316
519 316
520 317
521 317
522 318
523 318
524 319
525 319
526 320
527 320
528 320
529 321
530 321
531 321
532 321
533 321
534 321
535 321
536 321
537 321
538 321
539 321
540 321
541 322
542 322
543 322
544 322
545 322
546 322
547 322
548 323
549 323
550 323
551 323
552 323
553 323
554 324
555 324
556 324
557 324
558 324
559 324
560 324
561 324
562 324
563 323
564 323
565 323
566 323
567 322
568 322
569 321
570 321
571 320
572 319
573 319
574 319
575 319
576 319
577 319
578 319
579 320
580 321
581 322
582 322
583 323
584 324
585 325
586 326
587 327
588 327
589 328
590 328
591 329
592 329
593 329
594 329
595 329
596 330
597 330
598 330
599 331
600 331
601 332
602 333
603 333
604 334
605 335
606 336
607 336
608 337
609 337
610 338
611 338
612 338
613 338
614 338
615 338
616 338
617 337
618 337
619 337
620 337
621 337
622 337
623 336
624 336
625 336
626 336
627 336
628 336
629 337
630 337
631 338
632 338
633 339
634 340
635 341
636 341
637 342
638 342
639 343
640 343
641 343
642 343
643 344
644 344
645 344
646 344
647 345
648 345
649 345
650 346
651 346
652 346
653 346
654 346
655 346
656 346
657 346
658 346
659 346
660 346
661 346
662 346
663 346
664 346
665 347
666 347
667 348
668 349
669 350
670 350
671 351
672 351
673 352
674 352
675 352
676 353
677 353
678 354
679 354
680 355
681 356
682 356
683 357
684 358
685 359
686 359
687 360
688 361
689 361
690 362
691 362
692 363
693 364
694 365
695 365
696 366
697 367
698 368
699 369
700 369
701 370
702 370
703 371
704 371
705 371
706 371
707 371
708 371
709 371
710 370
711 370
712 369
713 369
714 369
715 369
716 369
717 369
718 369
719 369
720 369
721 369
722 369
723 369
724 369
725 370
726 370
727 370
728 371
729 371
730 372
731 372
732 372
733 372
734 372
735 372
736 371
737 371
738 371
739 370
740 370
741 370
742 369
743 369
744 369
745 369
746 369
747 369
748 370
749 370
750 370
751 371
752 371
753 372
754 372
755 373
756 373
757 373
758 373
759 373
760 373
761 373
762 372
763 372
764 371
765 371
766 371
767 370
768 370
769 370
770 369
771 369
772 368
773 368
774 367
775 366
776 365
777 364
778 364
779 363
780 363
781 362
782 362
783 362
784 362
785 362
786 362
787 361
788 361
789 361
790 361
791 360
792 360
793 359
794 359
795 359
796 358
797 358
798 358
799 358
800 357
801 357
802 357
803 357
804 357
805 357
806 357
807 357
808 357
809 357
810 357
811 356
812 356
813 355
814 355
815 354
816 353
817 353
818 352
819 352
820 353
821 354
821 355
821 356
820 357
820 358
820 359
820 360
820 361
820 362
820 363
820 364
820 365
821 366
821 367
822 368
822 369
823 370
824 371
825 372
826 373
827 374
828 375
829 376
830 377
831 378
832 379
833 380
834 380
835 381
836 381
837 382
838 382
839 382
840 382
841 382
842 382
843 382
844 382
845 383
846 383
847 383
848 383
849 383
850 383
851 383
852 382
853 382
854 382
855 382
856 383
856 384
856 385
856 386
857 387
857 388
857 389
856 390
856 391
856 392
856 393
856 394
856 395
857 396
857 397
858 398
858 399
859 400
860 401
861 402
862 402
863 403
864 403
865 404
866 404
867 404
868 404
869 404
870 404
871 404
872 404
873 404
874 404
875 404
876 404
877 404
878 404
879 404
880 404
881 404
882 404
883 404
884 405
885 405
886 406
887 406
888 407
889 408
890 408
891 409
892 409
893 410
894 410
895 410
896 410
897 410
898 410
899 410
900 410
901 410
902 410
903 410
904 409
905 409
906 409
907 409
908 408
909 408
910 407
911 407
912 406
913 406
914 405
915 405
915 406
914 407
913 407
912 408
911 408
910 409
909 410
908 411
907 412
906 413
906 414
905 415
904 416
903 417
903 418
902 419
902 420
901 421
901 422
900 423
900 424
900 425
900 426
900 427
900 428
901 429
901 430
901 431
901 432
901 433
901 434
901 435
902 436
902 437
903 438
903 439
904 440
905 441
905 442
906 443
906 444
906 445
906 446
906 447
905 448
904 449
903 450
902 451
901 452
900 453
899 454
898 455
897 456
896 457
895 458
894 459
893 460
892 461
892 462
891 463
890 464
890 465
889 466
889 467
888 468
888 469
888 470
887 471
887 472
887 473
887 474
887 475
887 476
887 477
887 478
888 479
888 480
888 481
888 482
888 483
888 484
889 485
889 486
890 487
890 488
891 489
892 490
893 491
894 492
895 493
896 494
897 495
898 495
899 496
900 496
901 497
902 497
903 497
904 498
905 498
906 498
907 499
908 499
909 499
910 500
911 500
912 501
913 501
914 502
915 503
915 504
915 505
915 506
915 507
915 508
914 509
914 510
913 511
912 512
912 513
911 514
911 515
910 516
910 517
909 518
909 519
908 520
908 521
908 522
908 523
908 524
908 525
909 526
909 527
910 528
910 529
911 530
911 531
912 532
912 533
912 534
912 535
911 536
910 536
909 537
908 537
907 538
906 539
905 540
904 541
903 542
902 543
901 544
900 545
900 546
899 547
899 548
898 549
898 550
897 551
897 552
896 553
896 554
896 555
895 556
895 557
895 558
894 559
894 560
894 561
894 562
894 563
894 564
894 565
894 566
894 567
894 568
894 569
894 570
894 571
894 572
894 573
895 574
895 575
895 576
896 577
896 578
896 579
896 580
897 581
897 582
897 583
898 584
898 585
899 586
899 587
900 588
899 589
898 590
897 591
897 592
896 593
896 594
895 595
895 596
894 597
894 598
893 599
893 600
893 601
893 602
893 603
893 604
893 605
893 606
893 607
893 608
893 609
893 610
893 611
893 612
893 613
893 614
893 615
893 616
893 617
893 618
894 619
894 620
895 621
895 622
896 623
896 624
897 625
897 626
898 627
898 628
899 629
899 630
900 631
900 632
900 633
900 634
900 635
901 636
901 637
901 638
901 639
901 640
901 641
901 642
900 643
900 644
900 645
899 646
899 647
898 648
898 649
897 650
897 651
897 652
897 653
897 654
898 655
898 656
898 657
899 658
899 659
900 660
900 661
901 662
901 663
901 664
900 665
900 666
900 667
900 668
900 669
900 670
900 671
900 672
900 673
900 674
900 675
900 676
901 677
901 678
901 679
901 680
901 681
901 682
901 683
901 684
901 685
901 686
901 687
901 688
901 689
901 690
901 691
900 692
899 693
898 693
897 694
896 694
895 694
894 695
893 695
892 696
891 696
890 697
889 698
888 699
888 700
887 701
887 702
886 703
886 704
885 705
885 706
884 707
883 708
883 709
882 710
881 711
880 712
879 713
878 714
877 715
876 715
875 716
874 716
873 717
872 717
871 718
870 719
869 720
868 721
867 722
866 723
866 724
865 725
865 726
864 727
864 728
864 729
864 730
864 731
864 732
864 733
864 734
864 735
865 736
865 737
866 738
866 739
867 740
867 741
868 742
868 743
868 744
868 745
868 746
868 747
868 748
868 749
868 750
868 751
868 752
868 753
867 754
867 755
866 756
865 757
864 757
863 758
862 759
861 760
860 761
860 762
859 763
859 764
858 765
857 765
856 764
855 764
854 763
853 763
852 762
851 762
850 762
849 762
848 762
847 762
846 763
845 763
844 763
843 764
842 764
841 765
840 765
839 766
838 767
837 768
837 769
836 770
836 771
835 772
835 773
835 774
835 775
835 776
836 777
836 778
837 779
837 780
838 781
839 782
840 783
841 784
842 785
842 786
843 787
843 788
844 789
843 790
842 790
841 790
840 789
839 789
838 789
837 788
836 788
835 787
834 787
833 787
832 787
831 787
830 787
829 786
828 786
827 786
826 785
825 785
824 784
823 784
822 784
821 784
820 784
819 784
818 784
817 784
816 784
815 784
814 784
813 784
812 784
811 784
810 784
809 785
808 785
807 786
806 786
805 787
804 788
803 789
802 790
802 791
801 792
800 792
799 793
798 794
797 794
796 795
795 795
794 796
793 796
792 796
791 795
790 795
789 794
788 794
787 793
786 793
785 792
784 792
783 792
782 792
781 792
780 792
779 793
778 793
777 794
776 794
775 795
774 796
773 797
773 798
772 799
771 799
770 799
769 799
768 799
767 799
766 799
765 799
764 798
763 798
762 798
761 797
760 796
759 795
759 794
758 793
757 792
756 791
755 790
754 789
753 788
752 788
751 787
750 786
749 786
748 785
747 785
746 784
745 784
744 783
743 783
742 782
741 782
740 782
739 781
738 781
737 781
736 781
735 781
734 781
733 781
732 781
731 781
730 781
729 781
728 781
727 782
726 782
725 783
724 783
723 784
722 784
721 785
720 785
719 786
718 787
717 788
716 788
715 789
714 789
713 788
712 788
711 787
710 787
710 786
709 785
708 784
708 783
707 782
706 781
706 780
705 779
704 778
703 777
702 776
701 775
700 774
699 773
698 772
697 771
696 771
695 770
694 770
693 769
692 769
691 768
690 768
689 767
688 767
687 766
686 766
685 765
684 765
683 764
682 764
681 763
680 763
679 763
678 762
677 762
676 762
675 762
674 762
673 762
672 761
671 761
670 761
669 761
668 761
667 761
666 761
665 761
664 761
663 761
662 762
661 762
660 763
659 763
658 764
657 764
656 765
655 765
654 765
653 765
652 765
651 764
650 763
649 762
648 761
647 760
646 759
645 758
644 758
643 757
642 757
641 756
640 756
639 755
638 754
637 754
636 753
636 752
635 751
635 750
634 749
634 748
634 747
634 746
633 745
633 744
633 743
633 742
633 741
632 740
632 739
631 738
631 737
630 736
629 735
628 734
627 733
626 733
625 732
624 732
623 731
622 731
621 731
620 731
619 731
618 730
617 730
616 730
615 730
614 730
613 731
612 731
611 731
610 731
609 731
608 731
607 730
607 729
606 728
605 727
605 726
604 725
603 724
602 723
601 722
600 721
599 721
598 720
597 719
596 718
595 717
594 716
593 715
592 714
591 713
590 712
589 711
588 710
587 709
586 709
585 708
584 707
583 707
582 706
581 705
580 705
579 704
578 704
577 703
576 703
575 702
574 702
573 701
572 701
571 700
570 700
569 700
568 699
567 699
566 699
565 698
564 698
563 697
562 697
561 697
560 696
559 696
558 696
557 695
556 695
555 695
554 694
553 694
552 694
551 693
550 693
549 693
548 693
547 692
546 692
545 692
544 692
543 692
542 692
541 692
540 692
539 692
538 692
537 692
536 692
535 692
534 692
533 691
532 691
531 690
530 690
529 690
528 689
527 689
526 689
525 689
524 688
523 688
522 688
521 688
520 687
519 687
518 687
517 687
516 686
515 686
514 685
513 684
512 683
511 683
510 682
509 681
509 680
508 679
507 678
507 677
507 676
507 675
507 674
507 673
507 672
507 671
506 670
506 669
505 668
505 667
504 666
503 665
502 664
502 663
502 662
502 661
502 660
503 659
503 658
503 657
504 656
504 655
504 654
504 653
504 652
504 651
504 650
504 649
503 648
503 647
503 646
502 645
502 644
501 643
501 642
500 641
499 640
498 639
497 638
496 637
495 636
494 635
493 634
492 634
491 633
490 633
489 632
488 632
487 631
486 631
485 630
484 630
483 630
482 629
481 629
480 629
479 629
478 628
477 628
476 627
475 627
474 626
473 625
472 624
471 623
470 622
469 621
468 621
467 620
467 619
466 618
465 617
464 616
463 615
462 614
461 613
460 613
459 612
458 612
457 611
456 611
455 611
454 611
453 611
452 612
451 612
450 613
449 613
448 613
447 614
446 614
445 614
444 614
443 614
442 614
441 614
440 613
439 613
438 612
438 611
438 610
438 609
438 608
439 607
439 606
440 605
441 604
441 603
442 602
442 601
443 600
443 599
444 598
444 597
445 596
445 595
445 594
445 593
445 592
445 591
445 590
445 589
445 588
444 587
444 586
443 585
443 584
442 583
441 582
440 581
439 580
438 580
437 579
436 579
435 578
434 578
433 578
432 578
431 578
430 578
429 577
428 577
427 576
426 575
425 574
424 573
423 572
422 571
421 571
420 570
419 569
418 569
417 568
416 568
415 567
414 566
413 565
412 564
411 563
410 562
409 561
408 561
407 560
406 559
406 558
405 557
404 556
403 555
402 554
401 554
400 553
399 553
398 552
397 551
396 550
395 549
394 548
393 548
392 547
391 547
390 546
389 546
388 546
387 545
386 545
385 545
384 544
383 544
382 543
381 543
380 542
380 541
379 540
378 539
378 538
377 537
376 536
375 535
374 534
373 534
372 533
371 533
370 532
369 532
368 531
367 531
366 531
365 530
364 530
363 529
362 528
362 527
362 526
362 525
362 524
363 523
363 522
364 521
364 520
365 519
365 518
365 517
365 516
365 515
364 514
364 513
363 512
363 511
362 510
361 509
360 508
359 508
358 507
357 506
356 506
355 505
354 505
353 504
352 503
351 502
350 502
349 501
348 501
347 500
346 500
345 499
344 499
343 499
342 498
341 498
340 497
339 497
338 496
337 496
336 495
335 495
334 494
333 493
332 492
332 491
331 490
331 489
331 488
330 487
330 486
329 485
329 484
328 483
328 482
327 481
326 480
325 479
324 478
323 478
322 477
321 477
320 476
319 476
318 475
317 475
316 475
315 474
314 474
313 474
312 474
311 474
310 474
309 474
308 474
307 473
306 473
305 473
304 472
303 472
302 471
301 470
300 470
299 469
298 468
297 467
296 466
295 465
295 464
294 463
293 462
293 461
293 460
292 459
292 458
293 457
293 456
293 455
293 454
293 453
292 452
292 451
291 450
291 449
290 448
289 447
288 446
287 445
286 444
285 443
284 442
284 441
283 440
283 439
283 438
283 437
282 436
282 435
282 434
282 433
282 432
283 431
283 430
284 429
285 428
285 427
286 426
286 425
287 424
287 423
287 422
287 421
287 420
287 419
287 418
287 417
287 416
287 415
287 414
286 413
286 412
285 411
285 410
285 409
284 408
284 407
284 406
284 405
283 404
283 403
283 402
282 401
282 400
281 399
281 398
280 397
280 396
279 395
278 394
277 393
276 392
275 391
274 390
273 389
272 388
271 387
270 386
270 385
269 384
268 383
268 382
267 381
267 380
266 379
266 378
266 377
265 376
265 375
265 374
265 373
265 372
265 371
265 370
266 369
267 368
268 368
269 367
270 367
271 366
272 365
273 364
274 363
274 362
275 361
275 360
276 359
276 358
276 357
276 356
276 355
277 354
278 353
279 352
279 351
280 350
280 349
281 348
281 347
281 346
281 345
281 344
281 343
281 342
280 341
280 340
280 339
280 338
280 337
279 336
279 335
278 334
278 333
277 332
276 331
275 330
274 330
273 329
272 329
271 328
270 328
269 328
268 327
267 327
267 326
268 326
269 326
270 326
271 326
272 327
273 327
274 328
275 329
276 330
277 330
278 331
279 331
280 332
281 332
282 332
283 332
284 332
285 332
286 331
287 331
288 330
289 330
290 329
291 328
292 327
292 326
293 325
293 324
294 323
294 322
294 321
294 320
294 319
293 318
293 317
292 316
292 315
293 315
294 314
295 314
296 314
297 314
298 314
299 313
300 313
301 313
302 312
303 312
304 311
305 311
306 310
307 309
308 308
309 307
310 306
310 305
311 304
312 303
313 302
314 301
315 300
316 299
317 298
317 297
318 296
318 295
319 294
319 293
320 292
320 291
321 290
321 289
321 288
322 287
322 286
322 285
322 284
322 283
322 282
322 281
322 280
322 279
321 278
321 277
321 276
320 275
320 274
319 273
319 272
318 271
318 270
318 269
318 268
318 267
318 266
318 265
318 264
318 263
319 262
319 261
319 260
320 259
321 258
322 258
323 258
324 258