386 175
387 176
388 176
389 176
390 177
391 177
392 178
393 178
394 178
395 179
396 179
397 179
398 179
399 179
400 179
401 180
402 181
403 181
404 182
405 182
406 183
407 183
408 183
409 183
410 183
411 183
412 184
413 184
414 185
415 186
416 187
417 188
418 189
419 190
420 191
421 192
422 193
423 194
423 195
424 196
424 197
424 198
425 199
425 200
426 201
426 202
427 203
428 204
429 205
430 206
431 207
432 208
433 209
434 210
435 211
436 212
437 212
438 213
439 214
440 215
441 215
442 216
443 216
444 217
445 218
446 218
447 219
448 219
449 220
450 221
451 221
452 222
453 223
454 223
455 224
456 224
457 225
458 225
459 226
460 226
461 226
462 227
463 227
464 227
465 227
466 227
467 226
468 226
469 226
470 226
471 227
472 228
473 229
474 230
475 230
476 231
477 231
478 232
479 232
480 232
481 232
482 232
483 232
484 232
485 232
486 233
487 233
488 233
489 234
490 234
491 234
492 235
493 235
494 235
495 235
496 235
497 236
498 236
499 237
500 238
501 239
502 240
503 241
504 242
505 243
506 244
507 245
508 245
509 246
510 247
511 248
512 248
513 249
514 249
515 250
516 250
517 251
518 251
519 252
520 252
521 253
522 253
523 253
524 253
525 253
526 253
527 253
528 253
529 253
530 253
531 253
532 253
533 253
534 253
535 253
536 254
537 254
538 254
539 255
540 256
541 257
542 257
543 258
544 259
545 260
546 261
547 262
548 263
549 263
550 264
551 264
552 265
553 265
554 266
555 266
556 266
557 266
558 266
559 266
560 266
561 265
562 265
563 264
564 264
565 264
566 263
567 263
568 264
569 264
570 264
571 264
572 265
573 265
574 266
575 266
576 267
577 267
578 268
579 268
580 269
581 269
582 270
583 271
584 271
585 272
586 272
587 273
588 273
589 274
590 274
591 275
592 275
593 276
594 276
595 276
596 277
597 277
598 278
599 279
600 279
601 280
602 281
603 281
604 282
605 283
605 284
606 285
607 286
608 287
608 288
609 289
609 290
610 291
610 292
611 293
611 294
612 295
612 296
613 297
613 298
614 299
614 300
615 301
616 302
617 303
618 303
619 304
620 304
621 305
622 305
623 305
624 305
625 305
626 304
627 304
628 303
629 303
630 302
631 301
632 300
633 299
634 298
634 297
635 296
636 296
637 296
637 297
637 298
637 299
637 300
638 301
638 302
638 303
638 304
637 305
636 306
635 307
634 308
633 309
632 310
631 311
631 312
630 313
630 314
629 315
629 316
629 317
629 318
629 319
629 320
629 321
630 322
630 323
631 324
631 325
632 326
632 327
633 328
634 329
634 330
635 331
636 332
636 333
637 334
638 335
639 336
639 337
640 338
641 339
642 340
642 341
643 342
644 343
645 344
645 345
646 346
647 347
648 348
649 349
650 350
651 351
652 351
653 352
654 353
655 354
656 355
657 356
658 357
659 358
660 359
661 359
662 360
663 361
663 362
664 363
664 364
665 365
666 366
666 367
667 368
668 369
669 370
670 371
671 371
672 372
673 372
674 373
675 373
676 373
677 373
678 373
679 373
680 372
681 372
682 372
683 372
684 372
685 372
686 371
687 371
688 370
689 370
690 369
691 368
692 368
693 367
694 367
695 367
696 367
696 368
697 369
698 370
699 371
700 371
701 372
702 372
703 373
704 373
705 373
706 373
707 373
708 373
709 372
710 372
711 371
712 371
713 370
714 369
715 369
716 369
717 370
717 371
717 372
717 373
718 374
718 375
719 376
718 377
718 378
717 379
716 379
715 380
714 381
713 382
712 383
711 384
711 385
710 386
709 387
709 388
708 389
707 390
706 391
705 392
705 393
704 394
704 395
703 396
703 397
703 398
703 399
703 400
703 401
703 402
704 403
704 404
705 405
705 406
706 407
706 408
707 409
708 410
709 411
710 412
710 413
711 414
712 415
713 416
714 416
715 417
716 417
717 418
718 418
719 419
720 419
721 419
722 419
723 419
724 419
725 418
726 418
727 417
728 417
729 416
730 416
731 415
732 414
733 414
734 413
735 412
736 411
737 411
738 411
739 411
740 412
741 412
742 412
743 412
744 412
745 412
746 412
747 412
748 411
749 411
750 411
751 410
752 410
753 410
754 410
755 410
756 409
757 409
758 409
759 409
759 410
758 411
757 411
756 412
755 413
754 413
753 414
752 414
751 415
750 415
749 416
748 416
747 417
746 418
745 418
744 419
743 420
742 421
741 422
740 423
739 424
739 425
738 426
738 427
737 428
737 429
737 430
737 431
737 432
737 433
737 434
738 435
738 436
739 437
739 438
740 439
741 440
742 441
743 441
744 442
745 442
746 443
747 443
748 443
749 443
750 443
751 443
752 442
753 442
754 442
755 443
756 443
757 444
758 444
759 444
760 445
761 445
762 445
763 445
764 445
765 445
766 444
767 444
768 444
769 444
770 443
771 443
772 442
773 442
774 441
775 440
776 440
777 440
778 439
779 439
778 440
777 441
776 441
775 442
774 442
773 443
772 444
771 445
771 446
770 447
770 448
769 449
769 450
769 451
769 452
769 453
769 454
770 455
770 456
771 457
771 458
772 459
773 460
774 461
775 461
776 462
777 463
777 464
777 465
778 466
778 467
779 468
779 469
780 470
780 471
781 472
782 473
783 474
784 475
785 475
786 476
787 476
788 477
789 477
790 478
790 479
790 480
790 481
790 482
790 483
790 484
790 485
790 486
790 487
791 488
791 489
792 490
792 491
793 492
794 493
795 494
796 495
797 495
798 496
799 496
800 497
801 497
802 497
803 497
804 497
805 497
806 497
807 497
808 497
809 498
810 498
811 499
812 499
813 499
814 499
815 499
816 499
817 499
818 498
819 498
820 497
821 497
822 496
823 495
824 494
825 493
825 494
825 495
824 496
824 497
824 498
824 499
824 500
823 501
823 502
823 503
822 504
822 505
822 506
822 507
822 508
822 509
822 510
822 511
823 512
823 513
823 514
824 515
824 516
825 517
825 518
826 519
827 520
828 521
829 522
830 523
831 523
832 524
833 524
834 525
835 525
836 526
837 527
838 528
839 529
839 530
840 531
840 532
840 533
840 534
840 535
841 536
841 537
841 538
842 539
842 540
842 541
843 542
843 543
844 544
844 545
845 546
846 547
847 548
847 549
848 550
849 551
850 552
851 553
852 553
853 554
854 554
855 555
856 556
857 557
858 558
859 559
860 560
861 561
862 561
863 562
864 562
865 563
866 563
867 563
868 563
869 563
870 562
871 562
872 561
873 561
874 561
875 561
876 561
876 562
876 563
875 564
875 565
874 566
874 567
873 568
873 569
873 570
873 571
873 572
874 573
874 574
875 575
875 576
876 577
876 578
877 579
877 580
878 581
879 582
879 583
880 584
881 585
882 586
883 587
884 588
885 589
885 590
886 591
886 592
885 593
885 594
885 595
885 596
885 597
885 598
886 599
886 600
887 601
887 602
888 603
889 604
890 605
891 606
892 606
893 607
894 607
895 608
896 608
897 609
898 609
899 610
900 610
901 611
902 612
902 613
902 614
902 615
902 616
902 617
901 618
901 619
901 620
901 621
901 622
901 623
901 624
901 625
901 626
902 627
902 628
902 629
901 630
901 631
901 632
900 633
899 634
899 635
898 636
898 637
897 638
897 639
896 640
896 641
895 642
895 643
895 644
895 645
895 646
894 647
894 648
894 649
894 650
894 651
893 652
893 653
893 654
893 655
893 656
893 657
893 658
893 659
893 660
893 661
893 662
894 663
894 664
894 665
895 666
895 667
896 668
896 669
897 670
897 671
898 672
899 673
899 674
900 675
900 676
901 677
901 678
901 679
902 680
902 681
902 682
902 683
901 684
901 685
900 686
900 687
900 688
900 689
900 690
901 691
901 692
901 693
902 694
902 695
902 696
903 697
903 698
903 699
903 700
903 701
903 702
903 703
903 704
903 705
902 706
902 707
902 708
902 709
902 710
902 711
902 712
902 713
902 714
903 715
903 716
904 717
904 718
905 719
906 720
907 721
908 721
909 722
910 723
910 724
910 725
910 726
910 727
910 728
909 728
908 729
907 729
906 730
905 731
904 732
903 733
903 734
902 735
902 736
901 737
901 738
900 739
900 740
899 741
899 742
899 743
899 744
899 745
899 746
899 747
899 748
899 749
899 750
899 751
900 752
900 753
900 754
900 755
900 756
899 757
898 758
897 759
897 760
896 761
895 761
894 761
893 761
892 761
891 761
890 761
889 761
888 761
887 761
886 761
885 761
884 762
883 762
882 763
881 763
880 764
879 765
878 766
877 767
876 768
875 768
874 769
873 769
872 769
871 769
870 770
869 770
868 770
867 771
866 771
865 772
864 772
863 773
862 774
861 775
861 776
860 777
860 778
859 779
859 780
859 781
859 782
859 783
858 784
858 785
858 786
857 787
857 788
857 789
856 790
855 791
854 792
853 792
852 793
851 793
850 794
849 794
848 794
847 795
846 795
845 795
844 796
843 796
842 795
841 795
840 794
839 794
838 793
837 793
836 793
835 793
834 793
833 793
832 794
831 794
830 794
829 794
828 795
827 795
826 796
825 796
824 797
823 797
822 798
821 799
820 800
819 801
818 802
817 803
816 804
815 805
815 806
814 807
813 808
813 809
812 810
812 811
811 812
811 813
810 814
810 815
809 816
809 817
809 818
809 819
809 820
809 821
810 822
810 823
810 824
811 825
811 826
811 827
812 828
812 829
812 830
812 831
812 832
811 832
810 831
809 831
808 830
807 829
806 828
805 828
804 827
803 827
802 826
801 826
800 825
799 824
799 823
798 822
797 821
796 820
795 819
794 818
793 817
792 816
791 816
790 815
789 815
788 814
787 814
786 814
785 813
784 813
783 813
782 813
781 813
780 813
779 813
778 813
777 813
776 813
775 813
774 813
773 813
772 813
771 814
770 814
769 814
768 814
767 815
766 815
765 815
764 815
763 814
762 814
761 814
760 813
759 813
758 812
757 812
756 811
755 810
754 810
753 809
752 809
751 808
750 808
749 808
748 807
747 807
746 807
745 807
744 807
743 807
742 807
741 807
740 807
739 808
738 808
737 808
736 808
735 809
734 809
733 810
732 810
731 811
730 811
729 812
728 812
727 812
726 811
725 811
724 811
723 811
722 811
721 811
720 811
719 811
718 811
717 811
716 811
715 811
714 811
713 811
712 811
711 812
710 812
709 812
708 812
707 813
706 813
705 813
704 813
703 813
702 813
701 813
700 813
699 813
698 813
697 813
696 813
695 813
694 813
693 813
692 813
691 813
690 813
689 813
688 813
687 813
686 813
685 813
684 813
683 814
682 814
681 814
680 814
679 815
678 815
677 815
676 816
675 816
674 817
673 817
672 818
671 818
670 819
669 819
668 820
667 821
666 821
665 822
664 823
663 823
662 824
661 825
660 826
659 827
659 828
658 829
658 830
657 831
656 831
655 830
654 829
653 828
652 828
651 827
650 827
649 826
648 826
647 826
646 826
645 826
644 826
643 827
642 827
641 828
640 828
639 829
638 829
637 830
636 831
635 831
634 832
633 833
632 834
631 835
630 836
630 837
629 837
628 837
627 836
626 836
625 835
624 835
623 834
622 834
621 833
620 833
619 833
618 833
617 833
616 834
615 834
614 834
613 835
612 835
611 836
610 836
609 837
608 838
607 839
606 840
605 841
604 842
603 843
603 844
602 845
601 846
601 847
600 848
599 849
598 849
597 848
596 848
595 847
594 846
594 845
593 844
592 843
592 842
591 841
590 840
589 839
588 838
587 837
586 836
585 835
584 835
583 834
582 834
581 833
580 833
579 832
578 832
577 832
576 831
575 831
574 831
573 831
572 831
571 832
570 832
569 832
568 832
567 832
566 832
565 832
564 831
563 831
562 830
561 829
561 828
560 827
559 826
559 825
558 824
557 823
556 822
555 821
554 820
553 819
552 819
551 818
550 818
549 817
548 817
547 817
546 817
545 817
544 817
543 817
542 817
541 817
540 817
539 817
538 817
537 816
536 815
535 815
534 814
533 814
532 813
531 813
530 812
530 811
530 810
530 809
529 808
529 807
529 806
529 805
529 804
528 803
528 802
527 801
527 800
526 799
526 798
525 797
524 796
523 795
522 794
521 793
520 793
519 792
518 792
517 791
516 791
515 790
514 790
513 790
512 790
511 790
510 790
509 790
508 790
507 790
506 790
505 790
504 790
503 791
502 791
501 792
500 792
499 793
498 793
497 794
496 795
495 796
494 797
493 798
493 799
492 800
491 801
490 801
489 802
488 802
488 801
487 800
487 799
487 798
487 797
487 796
487 795
487 794
487 793
486 792
486 791
485 790
485 789
484 788
484 787
484 786
483 785
483 784
482 783
482 782
481 781
481 780
480 779
480 778
480 777
479 776
479 775
479 774
479 773
479 772
479 771
480 770
480 769
480 768
480 767
480 766
481 765
481 764
481 763
481 762
481 761
481 760
481 759
481 758
481 757
480 756
480 755
480 754
480 753
479 752
479 751
478 750
478 749
478 748
477 747
477 746
476 745
476 744
475 743
475 742
474 741
474 740
473 739
473 738
472 737
471 736
471 735
470 734
469 733
468 732
467 731
466 731
465 730
464 730
463 729
462 729
461 728
460 728
459 728
458 728
457 728
456 728
455 728
454 728
453 728
452 729
451 729
450 729
449 729
448 729
447 729
446 729
445 729
444 729
443 728
442 728
441 728
440 728
439 728
438 728
437 727
436 727
435 726
434 726
433 725
432 724
431 723
430 722
429 722
428 721
427 721
426 720
425 720
424 719
423 719
422 718
421 717
420 716
419 716
418 715
417 715
416 714
415 714
414 714
413 714
412 714
411 713
410 712
409 712
408 711
407 710
407 709
406 708
406 707
406 706
406 705
406 704
407 703
407 702
407 701
407 700
407 699
407 698
407 697
406 696
406 695
405 694
405 693
404 692
403 691
402 690
401 689
400 689
399 688
398 688
397 687
396 687
395 686
394 686
393 685
392 685
391 684
390 684
389 684
388 684
387 684
387 683
387 682
388 681
388 680
389 679
389 678
390 677
390 676
390 675
390 674
390 673
390 672
389 671
389 670
388 669
388 668
387 667
386 666
385 665
384 664
383 663
382 662
381 661
380 660
379 660
378 659
377 659
376 658
375 658
374 658
373 657
372 657
371 657
370 657
369 656
368 656
368 655
367 654
367 653
368 652
368 651
368 650
368 649
368 648
368 647
368 646
368 645
368 644
368 643
369 642
369 641
369 640
369 639
369 638
368 637
368 636
367 635
367 634
366 633
366 632
365 631
365 630
364 629
364 628
364 627
364 626
364 625
365 624
365 623
365 622
365 621
365 620
365 619
365 618
365 617
366 616
366 615
366 614
366 613
366 612
366 611
366 610
366 609
365 608
365 607
364 606
364 605
363 604
362 603
362 602
361 601
361 600
361 599
361 598
361 597
362 596
362 595
363 594
363 593
363 592
363 591
364 590
364 589
364 588
364 587
364 586
364 585
365 584
365 583
365 582
365 581
365 580
365 579
365 578
365 577
364 576
364 575
364 574
363 573
363 572
363 571
362 570
362 569
362 568
362 567
362 566
362 565
362 564
361 563
361 562
360 561
360 560
359 559
359 558
358 557
357 556
357 555
357 554
357 553
358 552
358 551
359 550
359 549
359 548
359 547
359 546
359 545
359 544
359 543
359 542
359 541
359 540
359 539
359 538
359 537
359 536
359 535
358 534
358 533
358 532
358 531
357 530
357 529
357 528
356 527
356 526
356 525
356 524
355 523
355 522
355 521
354 520
354 519
353 518
353 517
353 516
352 515
352 514
351 513
351 512
350 511
350 510
349 509
349 508
348 507
348 506
347 505
346 504
345 503
344 502
343 501
342 500
341 500
340 499
339 498
338 497
337 497
336 496
335 496
334 495
333 495
332 495
331 494
330 494
329 493
329 492
330 491
330 490
331 490
332 489
333 488
334 487
335 486
335 485
336 484
336 483
337 482
337 481
338 480
338 479
338 478
338 477
339 476
339 475
339 474
339 473
339 472
339 471
339 470
338 469
338 468
338 467
338 466
337 465
337 464
337 463
336 462
336 461
335 460
335 459
334 458
334 457
333 456
333 455
332 454
332 453
331 452
330 451
329 450
328 449
327 448
326 447
325 446
324 445
323 445
322 444
321 443
320 443
319 442
318 441
317 440
316 439
315 438
314 437
313 436
312 435
311 434
310 434
309 433
308 433
308 432
308 431
309 430
310 429
310 428
311 427
311 426
312 425
312 424
312 423
312 422
312 421
312 420
311 419
311 418
310 417
310 416
309 415
309 414
310 413
310 412
310 411
310 410
310 409
310 408
309 407
309 406
308 405
308 404
307 403
306 402
305 401
304 401
303 400
302 400
301 399
300 399
299 398
298 398
297 398
296 398
295 397
294 397
293 397
292 397
291 396
290 395
289 395
288 394
287 394
288 393
289 393
290 393
291 393
292 393
293 393
294 393
295 393
296 394
297 394
298 394
299 394
300 394
301 394
302 394
303 394
304 393
305 393
306 392
307 392
308 391
309 390
310 389
310 388
311 387
311 386
312 385
312 384
312 383
312 382
312 381
312 380
311 379
311 378
310 377
310 376
309 375
309 374
308 373
308 372
307 371
307 370
307 369
308 368
308 367
308 366
308 365
308 364
308 363
307 362
307 361
306 360
306 359
305 358
304 357
303 356
303 355
302 354
302 353
302 352
302 351
301 350
301 349
302 348
302 347
302 346
302 345
303 344
303 343
304 342
304 341
305 340
305 339
306 338
306 337
307 336
307 335
307 334
307 333
307 332
307 331
307 330
307 329
306 328
306 327
306 326
306 325
306 324
306 323
306 322
306 321
306 320
307 319
307 318
308 317
308 316
309 315
309 314
310 313
310 312
310 311
311 310
311 309
311 308
311 307
311 306
312 305
312 304
312 303
312 302
312 301
312 300
312 299
311 298
311 297
311 296
311 295
311 294
312 293
312 292
312 291
313 290
313 289
313 288
313 287
313 286
313 285
313 284
313 283
313 282
313 281
313 280
313 279
313 278
312 277
312 276
312 275
312 274
312 273
312 272
312 271
312 270
311 269
311 268
311 267
311 266
311 265
310 264
310 263
310 262
310 261
309 260
309 259
309 258
309 257
308 256
308 255
307 254
307 253
307 252
307 251
307 250
307 249
307 248
307 247
307 246
307 245
306 244
306 243
305 242
305 241
304 240
303 239
302 238
301 237
301 236
300 235
300 234
300 233
300 232
300 231
301 230
302 229
303 229
304 229
305 229
306 229
307 229
308 229
309 229
310 229
311 229
312 228
313 228
314 227
315 227
316 226
317 225
318 224
319 223
320 222
321 221
322 220
323 219
323 218
324 217
325 216
326 215
327 215
328 215
329 215
330 214
331 214
332 214
333 214
334 214
335 214
336 213
337 213
338 212
339 212
340 211
341 211
342 210
343 210
344 209
345 209
346 208
347 208
348 207
349 206
350 206
351 205
352 204
353 203
354 202
355 201
356 200
357 200
358 199
359 199
360 198
361 198
362 197
363 196
364 195
365 195
366 194
367 194
368 193
369 193
370 193
371 193
372 192
373 192
374 191
375 191
376 190
377 190
378 189
379 188
380 187
380 186
381 185
381 184
382 183
382 182
383 181
383 180
383 179
383 178
383 177
383 176
384 175
385 175