356 109
357 110
358 111
358 112
359 113
359 114
359 115
360 116
360 117
361 118
361 119
362 120
363 121
364 122
365 122
366 123
367 123
368 124
369 124
370 125
371 126
372 126
373 127
374 127
375 128
376 128
377 128
378 128
379 128
380 127
381 127
382 126
383 126
384 125
385 124
386 123
386 122
387 121
387 120
388 119
388 118
388 117
388 116
388 115
388 114
388 113
388 112
388 111
388 110
389 110
390 110
391 110
392 110
393 111
394 112
394 113
394 114
394 115
394 116
393 117
393 118
393 119
393 120
393 121
393 122
393 123
394 124
394 125
395 126
395 127
396 128
397 129
398 130
399 131
400 132
401 133
402 134
403 135
404 136
405 136
406 137
407 137
408 138
409 138
410 138
411 138
412 138
413 138
414 137
415 137
416 137
417 137
418 137
419 138
419 139
420 140
420 141
421 142
421 143
422 144
422 145
423 146
424 147
425 148
426 149
427 150
428 151
429 152
429 153
430 154
430 155
431 156
431 157
432 158
433 159
434 160
435 161
435 162
436 163
437 164
438 165
439 166
440 167
441 167
442 168
443 168
444 169
445 169
446 169
447 170
448 170
449 171
449 172
450 173
451 174
452 175
452 176
453 177
454 178
455 179
456 180
457 181
458 182
459 182
460 183
461 184
462 185
463 186
464 187
465 188
466 189
467 190
468 191
468 192
469 193
469 194
469 195
470 196
470 197
471 198
471 199
472 200
472 201
473 202
474 203
475 204
476 205
477 206
478 207
479 207
480 208
480 209
481 210
482 211
482 212
482 213
482 214
482 215
483 216
483 217
483 218
484 219
484 220
485 221
485 222
485 223
486 224
486 225
487 226
487 227
488 228
489 229
490 230
491 231
492 231
492 232
493 233
493 234
494 235
494 236
495 237
495 238
495 239
496 240
496 241
497 242
497 243
498 244
499 245
500 246
501 247
502 248
503 249
504 250
505 251
506 252
506 253
507 254
508 255
509 256
510 256
511 257
512 258
513 259
514 260
514 261
514 262
514 263
514 264
514 265
514 266
514 267
514 268
515 269
515 270
516 271
516 272
517 273
518 274
519 275
519 276
520 277
520 278
520 279
520 280
520 281
520 282
520 283
520 284
521 285
521 286
522 287
522 288
523 289
524 290
525 291
526 292
527 292
527 293
528 294
528 295
529 296
529 297
530 298
530 299
531 300
531 301
532 302
532 303
533 304
533 305
534 306
534 307
535 308
536 309
536 310
537 311
537 312
538 313
538 314
539 315
540 316
540 317
541 318
541 319
542 320
542 321
543 322
544 323
545 324
546 325
547 326
548 326
549 327
550 328
550 329
550 330
551 331
551 332
552 333
552 334
553 335
554 336
555 337
556 337
557 338
558 338
559 339
560 339
561 339
562 339
563 339
564 339
565 339
566 338
567 338
568 337
569 337
570 337
571 338
572 339
572 340
572 341
571 342
570 343
569 343
568 344
567 344
566 345
565 346
564 347
564 348
563 349
563 350
562 351
562 352
562 353
562 354
562 355
562 356
562 357
562 358
562 359
563 360
563 361
564 362
564 363
564 364
565 365
565 366
566 367
566 368
567 369
567 370
568 371
569 372
569 373
570 374
571 375
571 376
572 377
573 378
573 379
574 380
575 381
575 382
576 383
577 384
577 385
578 386
579 387
580 388
580 389
581 390
582 391
583 392
583 393
584 394
584 395
585 396
586 397
587 398
587 399
588 400
589 401
590 402
590 403
591 404
592 405
592 406
593 407
594 408
595 409
595 410
596 411
597 412
598 413
599 414
599 415
600 416
601 417
602 418
603 419
604 420
605 421
605 422
606 423
606 424
607 425
608 426
608 427
609 428
610 429
610 430
611 431
612 432
613 433
614 434
615 435
616 436
617 437
618 438
619 438
620 439
621 439
622 440
623 440
624 441
625 442
626 443
626 444
627 445
627 446
628 447
629 448
630 449
631 450
632 451
633 452
634 453
634 454
635 455
635 456
635 457
636 458
636 459
637 460
637 461
638 462
638 463
639 464
640 465
640 466
641 467
642 468
643 469
644 470
645 471
646 472
647 473
648 474
649 475
650 476
651 477
652 478
653 479
653 480
654 481
655 482
655 483
656 484
657 485
658 486
659 487
659 488
660 489
661 490
662 491
663 492
664 493
665 493
666 494
667 494
668 495
669 495
670 496
671 496
672 497
673 498
674 499
674 500
675 501
676 502
677 503
678 504
679 505
680 506
680 507
681 508
682 509
682 510
683 511
684 512
684 513
685 514
686 515
687 516
688 517
688 518
689 519
690 520
691 521
692 522
693 523
694 524
695 524
696 525
697 525
698 526
699 526
700 526
701 526
702 526
703 527
704 527
705 527
706 528
707 529
708 530
709 530
710 531
711 532
712 533
713 534
714 535
714 536
715 537
715 538
716 539
717 540
717 541
718 542
719 543
719 544
720 545
721 546
722 547
723 548
723 549
724 550
724 551
725 552
725 553
726 554
727 555
727 556
728 557
729 558
730 559
731 560
732 560
732 561
733 562
734 563
734 564
735 565
736 566
737 567
737 568
738 569
739 570
739 571
740 572
741 573
742 574
743 575
743 576
744 577
745 578
746 579
747 580
748 581
749 582
750 583
751 584
752 585
753 585
754 586
755 587
755 588
756 589
757 590
758 591
759 592
760 593
760 594
761 595
762 596
763 597
764 598
765 599
766 600
767 601
768 602
769 603
770 604
771 605
772 606
773 606
774 607
775 608
776 609
777 610
778 611
778 612
779 613
780 614
781 615
782 616
783 617
784 618
785 619
786 619
787 620
788 621
788 622
789 623
790 624
791 625
792 625
793 626
794 626
795 627
796 627
797 628
797 629
798 630
799 631
800 632
801 633
802 634
802 635
803 636
803 637
804 638
804 639
805 640
805 641
806 642
807 643
808 644
808 645
809 646
810 647
811 648
812 649
812 650
813 651
814 652
815 653
816 653
817 654
818 655
819 656
820 656
821 657
822 657
823 658
824 659
825 660
826 660
827 661
828 662
829 662
830 663
831 664
832 665
833 666
833 667
834 668
834 669
835 670
836 671
836 672
837 673
837 674
837 675
838 676
838 677
839 678
839 679
839 680
840 681
840 682
840 683
841 684
841 685
842 686
842 687
843 688
843 689
844 690
844 691
845 692
846 693
847 694
847 695
848 696
848 697
849 698
849 699
849 700
849 701
850 702
850 703
851 704
851 705
852 706
852 707
853 708
853 709
853 710
854 711
854 712
855 713
855 714
856 715
856 716
856 717
856 718
856 719
857 720
857 721
857 722
857 723
857 724
857 725
857 726
857 727
857 728
857 729
857 730
857 731
857 732
857 733
856 734
856 735
855 736
855 737
854 738
854 739
854 740
854 741
854 742
854 743
854 744
854 745
855 746
855 747
855 748
855 749
856 750
856 751
856 752
856 753
856 754
856 755
856 756
856 757
856 758
856 759
857 760
857 761
858 762
858 763
859 764
859 765
860 766
861 767
862 768
863 768
864 769
865 770
865 771
865 772
864 773
864 774
864 775
864 776
864 777
865 778
865 779
865 780
866 781
866 782
866 783
867 784
867 785
868 786
868 787
869 788
870 789
871 790
872 790
873 791
874 791
875 792
876 792
877 792
878 792
879 792
880 792
881 792
882 792
883 793
883 794
883 795
883 796
882 797
882 798
882 799
882 800
882 801
882 802
882 803
883 804
883 805
884 806
884 807
885 808
886 809
886 810
887 811
887 812
887 813
888 814
888 815
889 816
889 817
890 818
890 819
891 820
891 821
892 822
893 823
894 824
895 825
896 826
897 827
897 828
898 829
898 830
899 831
900 832
901 833
902 834
903 835
903 836
904 837
905 838
906 839
907 840
908 841
909 842
910 843
911 843
912 844
913 845
914 846
915 847
915 848
916 849
917 850
917 851
918 852
919 853
920 854
920 855
921 856
922 857
923 858
924 859
925 860
926 860
927 861
928 862
928 863
929 864
929 865
929 866
930 867
930 868
930 869
931 870
931 871
932 872
932 873
933 874
933 875
934 876
935 877
936 878
937 879
938 880
939 881
940 882
941 883
942 884
943 884
944 885
945 886
945 887
945 888
946 889
946 890
946 891
947 892
947 893
948 894
948 895
949 896
950 897
951 898
951 899
952 900
953 901
954 902
954 903
955 904
956 905
956 906
957 907
958 908
959 909
960 910
961 911
961 912
962 913
963 914
964 915
965 916
966 917
967 918
968 919
969 920
970 921
971 922
972 923
973 924
974 925
975 926
976 927
977 928
978 929
979 930
980 931
981 932
982 933
983 934
984 935
984 936
985 937
985 938
985 939
986 940
986 941
987 942
987 943
988 944
988 945
988 946
989 947
989 948
989 949
989 950
988 951
988 952
988 953
988 954
988 955
988 956
988 957
988 958
988 959
988 960
988 961
989 962
989 963
989 964
990 965
990 966
991 967
991 968
992 969
992 970
993 971
993 972
994 973
995 974
996 975
996 976
996 977
996 978
996 979
995 980
995 981
994 982
994 983
994 984
994 985
994 986
995 987
995 988
995 989
995 990
995 991
995 992
995 993
995 994
995 995
995 996
995 997
995 998
994 998
993 998
992 998
991 998
990 997
989 996
988 995
987 995
986 994
985 994
984 993
983 993
982 993
981 993
980 993
979 994
978 994
977 995
976 995
975 996
974 997
973 998
972 998
971 999
970 999
969 999
968 998
967 998
966 998
965 998
964 998
963 997
962 996
962 995
961 994
961 993
960 992
960 991
959 990
958 989
957 988
956 987
955 987
954 986
953 985
952 984
951 984
950 983
949 982
948 981
947 980
946 979
945 978
944 977
944 976
944 975
944 974
944 973
943 972
943 971
942 970
942 969
941 968
940 967
940 966
939 965
939 964
939 963
939 962
939 961
939 960
939 959
939 958
939 957
938 956
938 955
937 954
937 953
936 952
935 951
934 950
933 949
932 948
931 947
931 946
930 945
929 944
928 943
927 942
927 941
926 940
925 939
924 938
923 937
922 936
921 935
920 934
919 933
918 932
917 931
916 930
915 929
914 929
913 928
912 927
911 926
910 926
909 925
908 925
907 924
906 924
905 923
904 922
903 921
903 920
902 919
901 918
900 917
899 916
898 915
897 914
896 914
895 913
895 912
895 911
894 910
894 909
893 908
893 907
892 906
891 905
890 904
889 903
888 903
887 902
886 901
885 900
884 899
883 899
882 898
881 898
880 897
879 897
878 896
877 896
876 896
875 895
874 894
873 893
872 892
871 891
870 890
869 889
868 888
867 887
867 886
866 885
865 884
864 883
863 882
862 882
861 881
860 880
859 879
858 878
857 878
856 877
855 877
854 876
853 876
852 876
851 876
850 876
849 875
848 875
848 874
847 873
847 872
847 871
846 870
846 869
845 868
845 867
844 866
843 865
842 864
841 863
840 863
839 862
838 862
837 861
836 861
835 861
834 860
833 860
832 860
831 859
830 859
829 858
828 858
827 858
826 858
825 857
824 857
823 856
822 855
821 855
820 854
819 854
818 853
817 853
816 852
815 852
814 851
813 851
812 851
811 850
810 850
809 849
808 849
807 849
806 849
805 849
804 849
803 850
802 850
801 851
800 851
799 852
798 853
797 854
797 855
796 856
796 857
795 858
795 859
795 860
795 861
795 862
796 863
796 864
797 865
797 866
798 867
799 868
800 869
801 870
802 870
803 871
804 871
805 872
806 873
807 874
808 875
808 876
809 877
809 878
810 879
810 880
810 881
810 882
809 883
808 883
807 883
806 883
805 883
804 882
803 881
802 880
801 880
800 879
799 879
798 878
797 878
796 878
795 878
794 878
793 878
792 879
791 879
790 880
789 880
788 881
787 882
786 883
786 884
785 885
785 886
784 887
784 888
784 889
784 890
784 891
785 892
785 893
786 894
786 895
787 896
787 897
787 898
787 899
787 900
787 901
786 902
785 903
784 903
783 903
782 903
781 903
780 903
779 904
778 904
777 905
776 905
775 906
774 906
773 907
772 907
771 908
770 908
769 907
768 907
767 907
766 907
765 907
764 907
763 907
762 907
761 907
760 908
759 908
758 909
757 909
756 909
755 909
754 909
753 908
752 908
751 907
750 907
749 907
748 907
747 907
746 907
745 907
744 907
743 907
742 907
741 907
740 906
739 906
738 906
737 906
736 906
735 906
734 907
733 907
732 908
731 908
730 909
729 910
728 911
728 912
727 913
727 914
726 915
726 916
725 917
725 918
724 919
723 919
722 919
721 919
720 919
719 920
718 920
717 920
716 920
715 920
714 920
713 919
712 918
712 917
711 916
710 915
709 914
708 913
707 912
706 912
705 911
704 911
703 910
702 909
702 908
702 907
702 906
703 905
703 904
703 903
704 902
704 901
705 900
705 899
705 898
705 897
705 896
705 895
705 894
705 893
704 892
704 891
703 890
703 889
702 888
701 887
700 886
700 885
699 884
699 883
698 882
697 881
696 880
695 879
694 878
693 877
692 876
691 875
690 874
689 873
688 872
687 872
686 871
685 871
684 870
683 870
682 870
681 870
680 870
679 869
678 868
678 867
677 866
677 865
676 864
676 863
675 862
674 861
673 860
672 859
672 858
672 857
672 856
672 855
672 854
672 853
671 852
671 851
671 850
670 849
670 848
669 847
669 846
668 845
668 844
668 843
667 842
667 841
667 840
666 839
666 838
665 837
665 836
664 835
663 834
662 833
661 832
660 832
659 831
658 830
657 830
656 829
655 829
654 828
653 828
652 828
651 828
650 828
649 828
648 827
647 827
646 827
645 826
644 826
643 826
642 825
641 824
640 823
639 823
638 822
637 822
636 821
635 820
634 820
633 819
632 819
631 818
630 818
629 817
628 817
627 817
626 817
625 817
624 817
623 816
622 816
621 815
620 815
619 814
618 814
617 813
616 813
615 812
614 812
613 812
612 811
611 811
610 810
609 810
608 809
607 809
606 808
605 808
604 808
603 808
602 808
601 808
600 808
599 808
598 808
597 808
596 808
595 808
594 808
593 808
592 808
591 808
590 808
589 807
588 806
587 805
586 804
585 803
584 802
583 801
582 800
581 799
581 798
581 797
581 796
580 795
580 794
580 793
580 792
579 791
579 790
579 789
578 788
578 787
578 786
577 785
577 784
577 783
578 782
578 781
579 780
579 779
580 778
580 777
580 776
580 775
580 774
580 773
580 772
580 771
579 770
579 769
578 768
578 767
577 766
576 765
576 764
575 763
575 762
574 761
574 760
573 759
573 758
572 757
571 756
570 755
569 754
568 754
567 753
566 753
565 752
564 752
563 752
562 752
561 752
560 752
559 752
558 752
557 751
556 751
555 750
554 749
553 748
553 747
552 746
552 745
552 744
551 743
551 742
551 741
550 740
550 739
550 738
550 737
549 736
549 735
549 734
549 733
549 732
549 731
549 730
548 729
548 728
548 727
548 726
547 725
547 724
547 723
546 722
546 721
546 720
545 719
545 718
544 717
544 716
543 715
543 714
542 713
542 712
541 711
541 710
540 709
540 708
539 707
539 706
538 705
538 704
537 703
537 702
536 701
536 700
535 699
535 698
534 697
534 696
533 695
533 694
532 693
532 692
531 691
531 690
530 689
530 688
529 687
529 686
528 685
527 684
527 683
526 682
526 681
525 680
524 679
524 678
523 677
522 676
521 675
521 674
520 673
519 672
518 671
518 670
517 669
516 668
516 667
515 666
515 665
514 664
514 663
513 662
512 661
512 660
511 659
511 658
510 657
510 656
509 655
509 654
508 653
507 652
506 651
506 650
505 649
505 648
504 647
504 646
503 645
503 644
502 643
501 642
501 641
500 640
499 639
498 638
498 637
497 636
496 635
496 634
495 633
495 632
494 631
493 630
492 629
491 628
490 627
489 626
488 625
487 624
486 623
485 622
484 621
484 620
483 619
483 618
482 617
482 616
481 615
481 614
481 613
481 612
481 611
481 610
481 609
481 608
481 607
480 606
480 605
479 604
479 603
478 602
477 601
477 600
476 599
475 598
475 597
474 596
473 595
473 594
472 593
471 592
471 591
470 590
469 589
468 588
468 587
467 586
466 585
465 584
464 583
463 582
462 581
461 580
460 579
460 578
459 577
459 576
458 575
457 574
457 573
456 572
455 571
454 570
453 569
452 568
451 567
450 566
449 565
448 564
447 563
446 562
445 562
444 561
443 560
442 559
442 558
441 557
441 556
441 555
440 554
440 553
441 552
441 551
442 550
442 549
442 548
442 547
442 546
442 545
442 544
441 543
441 542
440 541
440 540
439 539
439 538
438 537
437 536
436 535
435 534
434 533
434 532
433 531
433 530
433 529
432 528
432 527
431 526
431 525
430 524
430 523
429 522
428 521
428 520
427 519
426 518
425 517
424 516
423 515
422 514
421 513
420 513
419 512
418 511
417 510
417 509
417 508
417 507
417 506
418 505
418 504
418 503
418 502
418 501
417 500
417 499
416 498
416 497
415 496
415 495
414 494
413 493
413 492
412 491
411 490
411 489
410 488
410 487
409 486
408 485
408 484
407 483
407 482
406 481
405 480
405 479
405 478
405 477
405 476
405 475
405 474
405 473
406 472
406 471
407 470
407 469
407 468
407 467
407 466
407 465
407 464
407 463
406 462
406 461
405 460
405 459
404 458
403 457
402 456
402 455
401 454
400 453
399 452
398 452
397 451
396 451
395 450
395 449
394 448
394 447
394 446
393 445
393 444
392 443
392 442
391 441
391 440
390 439
390 438
389 437
388 436
388 435
387 434
386 433
386 432
385 431
385 430
384 429
383 428
382 427
381 427
380 426
379 426
378 425
378 424
378 423
378 422
378 421
378 420
378 419
378 418
378 417
377 416
377 415
376 414
376 413
375 412
375 411
374 410
374 409
373 408
373 407
372 406
371 405
371 404
370 403
370 402
369 401
368 400
368 399
367 398
366 397
366 396
365 395
364 394
364 393
363 392
362 391
362 390
361 389
361 388
360 387
359 386
358 385
358 384
357 383
356 382
356 381
355 380
355 379
355 378
354 377
354 376
354 375
353 374
353 373
352 372
352 371
351 370
351 369
350 368
349 367
349 366
348 365
347 364
346 363
345 362
344 361
343 361
342 360
341 359
340 358
339 357
338 356
337 355
336 354
336 353
336 352
335 351
335 350
335 349
334 348
334 347
333 346
333 345
332 344
331 343
330 342
329 341
328 340
327 339
326 338
325 337
324 337
323 336
322 335
321 334
320 333
319 333
318 332
317 332
316 331
315 331
314 330
313 330
312 330
311 329
310 329
309 329
308 329
307 328
306 328
305 327
305 326
305 325
305 324
305 323
305 322
304 321
304 320
303 319
303 318
302 317
301 316
300 315
299 314
298 314
297 313
296 313
295 312
294 312
293 311
292 311
291 310
290 309
289 309
288 308
287 307
286 306
286 305
285 304
285 303
285 302
284 301
284 300
283 299
283 298
282 297
281 296
280 295
279 294
278 294
277 293
276 292
275 291
274 290
273 289
272 288
271 287
272 286
273 285
274 284
274 283
275 282
275 281
276 280
276 279
276 278
276 277
276 276
276 275
275 274
275 273
274 272
274 271
273 270
272 269
272 268
272 267
272 266
272 265
272 264
272 263
272 262
271 261
271 260
271 259
271 258
272 257
272 256
273 256
274 255
275 255
276 255
277 254
278 254
279 253
280 253
281 252
282 251
283 250
283 249
284 248
284 247
285 246
285 245
285 244
285 243
285 242
284 241
284 240
283 239
283 238
282 237
282 236
282 235
282 234
282 233
281 232
281 231
280 230
280 229
279 228
279 227
278 226
277 225
277 224
276 223
276 222
277 222
278 222
279 222
280 221
281 221
282 220
283 220
284 219
285 218
286 217
286 216
287 215
287 214
288 213
288 212
288 211
288 210
288 209
287 208
287 207
288 206
289 206
290 206
291 206
292 206
293 205
294 205
295 204
296 204
297 203
298 203
299 203
300 203
301 203
302 202
303 202
304 201
305 201
306 200
307 199
308 198
308 197
309 196
309 195
310 194
310 193
310 192
310 191
310 190
310 189
309 188
309 187
309 186
308 185
308 184
307 183
307 182
306 181
306 180
305 179
305 178
304 177
304 176
304 175
304 174
304 173
305 172
305 171
306 170
306 169
306 168
307 167
307 166
307 165
308 164
308 163
308 162
308 161
308 160
308 159
308 158
308 157
307 156
307 155
307 154
306 153
306 152
306 151
307 150
307 149
307 148
307 147
307 146
307 145
307 144
307 143
307 142
308 142
309 143
310 143
311 143
312 144
313 144
314 144
315 144
316 144
317 144
318 143
319 143
320 142
321 142
322 141
323 140
324 139
324 138
325 137
325 136
326 135
326 134
326 133
326 132
326 131
326 130
326 129
326 128
326 127
325 126
325 125
325 124
325 123
325 122
325 121
325 120
326 119
327 118
328 117
328 116
329 115
329 114
330 113
330 112
330 111
331 110
331 109
332 109
333 110
334 111
335 112
336 113
337 113
338 114
339 114
340 115
341 115
342 115
343 115
344 115
345 115
346 114
347 114
348 113
349 113
350 112
351 111
352 110
353 109
354 109
355 109