729 286
730 287
731 287
732 288
733 288
734 288
735 289
736 289
737 289
738 289
739 289
740 290
741 290
742 290
743 290
744 291
745 291
746 291
747 291
748 292
749 292
750 292
751 292
752 292
753 292
754 292
755 292
756 292
757 292
758 292
759 292
760 292
761 292
762 292
763 291
764 291
765 291
766 291
767 291
768 291
769 291
770 291
771 291
772 291
773 291
774 292
775 292
776 292
777 293
778 293
779 294
780 294
781 294
782 294
783 295
784 295
785 295
786 296
787 296
788 297
789 297
790 297
791 297
792 298
793 298
794 298
795 298
796 298
797 298
798 298
799 297
800 297
801 297
802 297
803 297
804 296
805 296
806 295
807 295
808 294
809 294
810 294
811 293
812 293
813 293
814 293
815 293
816 294
817 294
818 294
819 294
820 294
821 294
822 294
823 295
824 295
825 295
826 295
827 296
828 296
829 296
830 296
831 296
832 296
833 296
834 296
835 297
836 297
837 297
838 297
839 297
840 297
841 297
842 297
843 297
844 297
845 297
846 297
847 297
848 297
849 298
850 298
851 298
852 298
853 298
854 299
855 299
856 299
857 299
858 299
859 300
860 300
861 300
862 300
863 300
864 300
865 301
866 301
867 301
868 301
869 302
870 302
871 302
872 302
873 302
874 302
875 302
876 302
877 302
878 302
879 302
880 302
881 303
882 303
883 303
884 303
885 303
886 303
887 303
888 303
889 303
890 303
891 302
892 302
893 302
894 302
895 302
896 302
897 301
898 301
899 301
900 300
901 300
902 300
903 300
904 300
905 299
906 299
907 299
908 299
909 299
910 299
911 299
912 299
913 299
914 299
915 299
916 300
917 300
918 301
919 301
920 302
921 303
922 303
923 304
924 305
925 306
926 306
927 307
928 307
929 308
930 308
931 308
932 308
933 309
934 309
935 310
936 310
937 310
938 310
939 310
940 311
941 311
942 311
943 311
944 311
945 311
946 311
947 311
948 312
949 312
950 313
951 314
952 315
953 316
954 316
955 317
956 317
957 318
958 318
959 318
960 319
961 319
962 319
963 319
964 319
965 319
966 319
967 318
968 318
969 318
970 318
971 318
972 318
973 319
974 320
974 321
974 322
974 323
975 324
975 325
976 326
976 327
977 328
978 329
979 330
980 331
981 331
982 332
983 332
983 333
984 334
984 335
984 336
984 337
984 338
984 339
984 340
984 341
983 342
983 343
982 344
982 345
981 346
981 347
980 348
980 349
979 350
979 351
979 352
978 353
978 354
978 355
977 356
977 357
977 358
977 359
977 360
977 361
977 362
977 363
978 364
978 365
978 366
978 367
977 368
977 369
977 370
977 371
977 372
977 373
977 374
977 375
977 376
977 377
977 378
978 379
978 380
979 381
979 382
980 383
981 384
982 385
983 386
984 387
984 388
983 389
983 390
982 391
982 392
982 393
981 394
981 395
981 396
980 397
980 398
980 399
980 400
980 401
980 402
980 403
980 404
980 405
980 406
980 407
980 408
979 409
979 410
978 411
977 412
976 413
975 414
974 415
974 416
973 417
973 418
972 419
972 420
972 421
972 422
972 423
972 424
972 425
972 426
971 427
971 428
970 429
969 430
969 431
968 432
968 433
967 434
967 435
966 436
966 437
966 438
965 439
965 440
965 441
964 442
964 443
964 444
964 445
964 446
963 447
963 448
963 449
962 450
962 451
961 452
961 453
961 454
961 455
961 456
961 457
961 458
960 459
960 460
959 461
959 462
959 463
959 464
959 465
960 466
960 467
961 468
961 469
960 469
959 468
958 468
957 468
956 468
955 468
954 469
953 469
952 470
951 470
950 471
949 472
948 473
947 474
946 475
945 476
944 477
944 478
943 479
943 480
942 481
942 482
941 483
941 484
941 485
941 486
941 487
941 488
941 489
942 490
942 491
942 492
942 493
942 494
942 495
942 496
941 497
941 498
941 499
940 500
940 501
939 502
939 503
938 504
937 505
937 506
936 507
936 508
935 509
935 510
935 511
935 512
935 513
935 514
935 515
935 516
935 517
935 518
935 519
934 520
934 521
933 522
933 523
933 524
933 525
933 526
932 527
932 528
932 529
931 530
931 531
930 531
929 532
928 532
927 532
926 533
925 533
924 533
923 534
922 534
921 535
920 535
919 535
918 536
917 536
916 537
915 537
914 538
913 538
912 539
911 540
910 541
909 542
908 543
907 544
906 545
905 546
905 547
904 548
904 549
903 550
903 551
902 552
902 553
901 554
901 555
901 556
900 557
900 558
899 559
898 560
898 561
897 562
896 563
896 564
895 565
895 566
894 567
894 568
894 569
894 570
894 571
893 572
893 573
892 574
892 575
891 576
891 577
891 578
891 579
890 580
890 581
889 582
888 583
887 584
886 585
885 586
884 587
883 587
882 588
881 589
880 590
879 591
878 592
877 593
876 594
875 594
874 595
873 596
872 596
871 597
870 598
869 599
868 600
867 601
867 602
866 603
865 603
864 604
863 605
862 606
861 607
860 608
859 609
859 610
858 611
857 612
856 613
855 614
854 615
853 616
853 617
852 618
851 619
850 620
849 620
848 620
847 620
846 620
845 621
844 621
843 622
842 622
841 623
840 624
839 625
838 626
838 627
837 628
837 629
836 630
836 631
836 632
836 633
835 634
834 635
833 636
832 636
831 637
830 638
829 639
829 640
828 641
827 642
826 643
825 643
824 644
823 644
822 644
821 645
820 645
819 645
818 646
817 646
816 647
815 647
814 648
813 648
812 649
811 650
810 651
809 652
808 653
807 654
807 655
806 656
806 657
805 658
804 659
803 659
802 660
801 660
800 661
799 661
798 662
797 662
796 663
795 664
794 665
793 666
793 667
792 668
791 669
791 670
790 671
789 672
788 673
787 674
786 675
785 675
784 676
783 677
782 677
781 678
780 679
779 679
778 680
777 681
776 682
775 683
774 684
773 684
772 685
771 685
770 686
769 686
768 686
767 687
766 687
765 687
764 688
763 688
762 688
761 688
760 688
759 688
758 688
757 689
756 689
755 689
754 690
753 690
752 690
751 691
750 691
749 691
748 691
747 692
746 692
745 692
744 692
743 693
742 693
741 693
740 694
739 694
738 695
737 695
736 696
735 696
734 697
733 698
732 699
732 700
731 701
730 702
730 703
729 704
729 705
728 706
728 707
728 708
728 709
728 710
728 711
727 711
726 711
725 710
724 710
723 709
722 709
721 708
720 708
719 707
718 707
717 707
716 707
715 707
714 707
713 708
712 708
711 709
710 709
709 710
708 711
707 711
706 712
705 713
704 713
703 714
702 715
701 716
701 717
700 718
700 719
699 720
699 721
698 722
698 723
697 724
696 724
695 723
695 722
694 721
694 720
693 719
692 718
691 717
690 716
689 716
688 715
687 715
686 714
685 714
684 713
683 713
682 713
681 713
680 713
679 712
678 712
677 712
676 712
675 711
674 711
673 711
672 711
671 711
670 712
669 712
668 712
667 713
666 713
665 712
664 712
663 712
662 712
661 711
660 711
659 711
658 711
657 711
656 711
655 711
654 711
653 711
652 712
651 712
650 712
649 713
648 713
647 713
646 713
645 713
644 713
643 714
642 714
641 714
640 715
639 715
638 715
637 715
636 714
635 714
634 714
633 713
632 713
631 712
630 712
629 712
628 712
627 711
626 711
625 711
624 711
623 711
622 710
621 710
620 710
619 709
618 709
617 709
616 709
615 708
614 708
613 708
612 708
611 707
610 707
609 707
608 707
607 707
606 707
605 707
604 707
603 707
602 707
601 708
600 708
599 708
598 709
597 709
596 709
595 709
594 710
593 710
592 710
591 710
590 711
589 711
588 712
587 712
586 713
585 713
584 713
583 714
582 714
581 714
580 714
579 715
578 715
577 716
576 716
575 716
574 717
573 717
572 717
571 718
570 718
569 718
568 719
567 719
566 719
565 719
564 719
563 719
562 719
561 720
560 720
559 721
558 721
557 722
556 722
555 723
554 724
553 724
552 724
551 724
550 723
549 722
548 721
547 720
546 720
545 719
544 719
543 718
542 718
541 718
540 718
539 718
538 717
537 717
536 717
535 716
534 716
533 715
532 715
531 714
530 714
529 713
528 713
527 713
526 713
525 712
524 712
523 712
522 712
521 712
520 712
519 712
518 712
517 712
516 712
515 712
514 712
513 712
512 712
511 712
510 712
509 712
508 712
507 712
506 711
505 711
504 710
503 710
502 710
501 709
500 709
499 709
498 709
497 709
496 709
495 709
494 709
493 710
492 710
491 711
490 711
489 712
488 712
487 712
486 713
485 713
484 713
483 713
482 713
481 714
480 714
479 714
478 714
477 715
476 715
475 715
474 715
473 715
472 715
471 715
470 715
469 715
468 715
467 715
466 715
465 716
464 716
463 717
462 717
461 718
460 719
459 719
458 719
457 719
456 718
455 718
454 718
453 718
452 718
451 718
450 718
449 718
448 717
447 717
446 717
445 717
444 716
443 716
442 716
441 715
440 715
439 715
438 715
437 714
436 714
435 714
434 714
433 714
432 715
431 715
430 715
429 716
428 716
427 717
426 717
425 717
424 717
423 718
422 718
421 718
420 718
419 718
418 718
417 718
416 718
415 718
414 718
413 718
412 718
411 718
410 718
409 719
408 719
407 719
407 718
406 717
406 716
406 715
406 714
406 713
406 712
406 711
405 710
405 709
404 708
404 707
403 706
403 705
402 704
401 703
400 702
399 702
398 701
397 701
396 700
395 700
394 699
393 699
392 699
391 699
390 699
389 699
388 699
387 699
386 699
385 699
384 699
383 699
382 700
381 700
380 701
379 701
378 702
377 703
376 704
375 705
374 705
373 706
372 706
371 706
370 705
369 705
368 704
367 704
366 703
365 703
364 702
363 702
362 701
361 701
360 701
359 701
358 701
357 700
356 700
355 700
354 699
353 699
352 698
351 698
350 697
349 697
348 697
347 696
346 696
345 696
344 695
343 695
342 695
341 695
340 695
339 695
338 695
337 694
336 694
335 694
334 693
333 693
332 692
331 692
330 691
329 691
328 691
327 690
326 690
325 690
324 690
323 690
322 690
321 690
320 690
319 690
318 690
317 690
316 690
315 690
314 690
313 690
312 691
311 691
310 692
309 692
308 693
307 694
306 695
305 695
304 695
303 695
302 695
301 695
300 694
299 694
298 694
297 694
296 694
295 694
294 694
293 694
292 694
291 694
290 694
289 694
288 695
287 695
286 696
285 696
284 697
283 697
282 697
281 698
280 698
279 699
278 699
277 699
276 699
275 700
274 699
273 699
272 698
271 698
270 697
269 697
268 697
267 696
266 695
265 695
264 694
263 693
262 692
261 691
260 691
259 690
258 690
257 689
256 689
255 689
254 689
253 689
252 688
251 688
250 688
249 688
248 688
247 687
246 687
245 687
244 686
243 686
242 685
241 684
240 683
239 682
238 681
237 680
237 679
236 678
235 677
234 676
233 675
232 674
231 673
231 672
230 671
230 670
229 669
229 668
228 667
228 666
227 665
227 664
226 663
226 662
225 661
225 660
224 659
223 658
222 657
221 656
220 656
219 655
218 654
217 653
217 652
217 651
217 650
217 649
217 648
217 647
217 646
217 645
217 644
217 643
217 642
218 641
218 640
218 639
218 638
218 637
218 636
218 635
218 634
218 633
217 632
217 631
216 630
216 629
215 628
214 627
213 626
213 625
213 624
214 624
215 623
216 623
217 623
218 623
219 623
220 623
221 623
222 623
223 622
224 622
225 621
226 621
227 620
228 619
229 618
230 617
231 616
232 615
233 614
233 613
234 612
235 611
236 610
237 609
238 608
239 608
240 607
241 606
242 605
243 604
243 603
244 602
244 601
245 600
245 599
246 598
246 597
247 596
247 595
248 594
248 593
249 592
249 591
249 590
250 589
250 588
250 587
251 586
251 585
251 584
252 583
252 582
253 581
253 580
254 579
254 578
255 577
256 576
257 575
258 574
258 573
259 572
260 571
261 570
262 570
263 569
264 569
265 568
266 567
267 566
268 565
269 564
269 563
270 562
271 561
271 560
272 559
272 558
273 557
273 556
274 555
275 554
275 553
276 552
277 551
277 550
278 549
278 548
279 547
279 546
280 545
280 544
281 543
281 542
282 541
282 540
282 539
282 538
283 537
284 536
284 535
285 534
286 533
286 532
287 531
288 530
289 529
290 528
291 527
292 526
292 525
293 524
293 523
294 522
294 521
295 520
296 519
296 518
297 517
298 516
299 515
300 514
300 513
301 512
301 511
302 510
303 509
303 508
304 507
304 506
305 505
305 504
305 503
306 502
306 501
307 500
307 499
308 498
308 497
309 496
309 495
310 494
311 493
312 492
313 491
314 490
315 489
315 488
316 487
316 486
317 485
317 484
317 483
317 482
317 481
316 480
316 479
315 478
315 477
315 476
315 475
315 474
316 473
317 472
318 471
319 471
320 470
321 469
322 468
322 467
323 466
323 465
324 464
324 463
324 462
325 461
325 460
325 459
325 458
326 457
326 456
326 455
327 454
327 453
328 452
328 451
328 450
329 449
329 448
329 447
329 446
329 445
329 444
330 443
330 442
331 441
331 440
332 439
332 438
333 437
333 436
334 435
334 434
334 433
335 432
335 431
336 430
336 429
336 428
337 427
337 426
337 425
337 424
338 423
338 422
339 421
340 421
341 420
342 419
343 418
344 417
345 416
346 416
347 416
348 416
349 415
350 415
351 414
352 414
353 413
354 412
355 411
356 410
356 409
357 408
357 407
358 406
358 405
359 404
360 403
361 402
362 401
363 401
364 400
365 399
366 398
366 397
367 396
368 395
369 394
370 393
371 393
372 392
373 391
374 391
375 391
376 391
377 391
378 391
379 391
380 391
381 391
382 390
383 390
384 389
385 389
386 388
387 388
388 388
389 388
390 388
391 387
392 387
393 386
394 386
395 385
396 385
397 384
398 383
399 382
400 381
401 380
401 379
402 378
402 377
403 376
403 375
403 374
404 373
404 372
405 371
406 370
407 369
408 368
408 367
409 366
409 365
410 364
410 363
411 362
411 361
411 360
412 359
413 358
414 357
415 356
416 356
417 356
418 356
419 355
420 355
421 355
422 355
423 355
424 354
425 354
426 354
427 353
428 353
429 352
430 352
431 351
432 351
433 350
434 349
435 348
436 347
437 347
438 346
439 345
440 344
441 343
442 343
443 342
444 341
445 341
446 340
447 340
448 340
449 340
450 340
451 340
452 340
453 339
454 339
455 339
456 339
457 338
458 338
459 338
460 337
461 337
462 337
463 336
464 336
465 336
466 335
467 335
468 335
469 334
470 334
471 333
472 333
473 332
474 332
475 331
476 331
477 331
478 330
479 330
480 329
481 329
482 328
483 328
484 327
485 326
486 325
487 325
488 325
489 325
490 325
491 325
492 325
493 324
494 324
495 323
496 323
497 322
498 321
499 320
500 319
501 319
502 319
503 318
504 318
505 318
506 318
507 318
508 318
509 318
510 318
511 318
512 318
513 318
514 318
515 318
516 318
517 318
518 318
519 317
520 317
521 317
522 317
523 316
524 316
525 316
526 315
527 315
528 314
529 314
530 313
531 312
532 311
533 311
534 310
535 310
536 310
537 310
538 310
539 310
540 309
541 309
542 308
543 308
544 307
545 306
546 305
547 304
547 303
548 303
549 302
550 302
551 302
552 303
553 303
554 303
555 303
556 304
557 304
558 304
559 304
560 304
561 305
562 305
563 306
564 306
565 306
566 306
567 306
568 306
569 306
570 306
571 306
572 306
573 306
574 306
575 306
576 306
577 306
578 306
579 305
580 305
581 305
582 305
583 305
584 305
585 305
586 305
587 305
588 304
589 304
590 304
591 304
592 304
593 303
594 303
595 303
596 303
597 304
598 304
599 305
600 305
601 305
602 305
603 305
604 304
605 304
606 303
607 303
608 302
609 302
610 302
611 302
612 302
613 302
614 302
615 302
616 302
617 302
618 302
619 302
620 302
621 302
622 302
623 302
624 302
625 302
626 302
627 302
628 301
629 301
630 300
631 300
632 300
633 300
634 300
635 301
636 301
637 301
638 301
639 301
640 301
641 301
642 301
643 301
644 301
645 301
646 301
647 301
648 301
649 301
650 301
651 301
652 300
653 300
654 300
655 300
656 299
657 299
658 298
659 298
660 297
661 296
662 295
663 295
664 294
665 293
666 292
667 292
668 291
669 291
670 290
671 290
672 289
673 289
674 289
675 289
676 289
677 289
678 289
679 289
680 290
681 290
682 291
683 291
684 291
685 291
686 291
687 291
688 291
689 292
690 292
691 292
692 292
693 292
694 292
695 292
696 292
697 291
698 291
699 291
700 291
701 291
702 291
703 291
704 291
705 291
706 291
707 290
708 290
709 290
710 290
711 289
712 289
713 289
714 289
715 289
716 289
717 288
718 288
719 288
720 288
721 288
722 288
723 287
724 287
725 287
726 287
727 286
728 286