534 286
535 287
535 288
535 289
535 290
535 291
535 292
536 293
536 294
537 295
537 296
538 297
538 298
539 299
540 300
541 301
541 302
542 303
543 304
544 305
545 306
546 307
547 307
548 308
549 308
550 309
551 309
552 309
553 309
554 309
555 309
556 309
557 310
558 310
559 311
560 312
561 313
562 314
563 315
564 315
565 316
566 316
567 317
568 317
569 317
570 317
571 317
572 317
573 316
574 316
575 316
576 316
577 316
578 317
578 318
579 319
580 320
581 321
582 322
583 322
584 323
585 323
586 324
587 324
588 325
589 326
590 326
591 327
592 327
593 328
594 328
595 329
596 329
597 330
598 330
599 330
600 331
601 331
602 332
603 332
604 333
605 333
606 334
607 334
608 334
609 334
610 334
611 335
612 335
613 335
614 335
615 335
616 336
617 336
618 336
619 336
620 337
621 337
622 337
623 338
624 338
625 338
626 339
627 339
628 339
629 339
630 340
631 340
632 340
633 340
634 340
635 340
636 340
637 341
638 341
639 341
640 341
641 341
642 341
643 342
644 342
645 342
646 342
647 342
648 343
649 343
650 343
651 343
652 343
653 343
654 342
655 342
656 342
657 342
658 342
659 343
660 343
661 343
662 344
663 344
664 344
665 344
666 344
667 344
668 344
669 344
670 344
671 344
672 344
673 344
674 344
675 343
676 343
677 342
678 342
679 341
680 340
681 339
681 338
682 337
682 336
683 335
683 334
683 333
684 332
685 332
686 333
687 333
688 334
689 335
690 336
691 337
692 338
693 339
694 339
695 340
696 340
697 341
698 341
699 341
700 341
701 341
702 341
703 341
704 341
705 341
706 341
707 341
708 341
709 341
710 341
711 340
712 340
713 340
714 340
715 340
716 340
717 340
718 340
719 340
720 339
721 339
722 339
723 339
724 339
725 339
726 338
727 338
728 338
729 338
730 337
731 337
732 337
733 337
734 336
735 336
736 336
737 336
738 335
739 335
740 335
741 335
742 334
743 334
744 334
745 334
746 333
747 333
748 333
749 332
750 332
751 332
752 332
753 331
754 331
755 331
756 330
757 330
758 330
759 329
760 329
761 329
762 328
763 328
764 328
765 327
766 327
767 327
768 326
769 326
770 326
771 325
772 325
773 325
774 324
775 324
776 323
777 323
778 323
779 322
780 322
781 322
782 321
783 321
784 320
785 320
786 319
787 319
788 319
789 319
790 318
791 318
792 318
793 317
794 317
795 317
796 316
797 316
798 316
799 316
800 315
801 315
802 315
803 315
804 315
805 314
806 314
807 314
808 314
809 314
810 314
811 313
812 313
813 313
814 313
815 313
816 313
817 313
818 313
819 313
820 313
821 313
822 313
823 313
824 313
825 313
826 313
827 313
828 314
829 314
830 314
831 314
832 315
833 315
834 316
835 316
836 317
837 317
838 318
839 318
840 318
841 318
842 319
843 319
844 319
845 319
846 319
847 319
848 319
849 319
850 320
851 320
852 320
853 320
854 321
855 321
856 321
857 321
858 321
859 321
860 321
861 320
862 320
863 319
864 319
865 319
866 318
867 318
868 318
869 318
870 319
871 319
872 319
873 320
874 320
875 320
876 321
877 321
878 322
879 323
879 324
880 325
880 326
881 327
882 328
883 329
884 330
885 330
886 331
887 331
888 332
889 332
890 332
891 333
892 334
891 335
891 336
890 337
890 338
889 339
889 340
888 341
887 342
887 343
886 344
886 345
885 346
885 347
885 348
885 349
885 350
886 351
886 352
887 353
886 354
885 355
884 356
883 357
882 358
882 359
881 360
881 361
880 362
880 363
880 364
879 365
879 366
878 367
878 368
878 369
877 370
877 371
876 372
876 373
876 374
876 375
876 376
876 377
877 378
877 379
878 380
878 381
879 382
879 383
880 384
881 385
882 386
882 387
882 388
882 389
883 390
883 391
883 392
883 393
883 394
883 395
884 396
884 397
884 398
884 399
885 400
885 401
885 402
886 403
886 404
887 405
887 406
888 407
889 408
890 409
891 409
892 410
893 410
894 411
895 411
896 412
896 413
896 414
896 415
897 416
897 417
897 418
897 419
897 420
897 421
897 422
897 423
896 424
896 425
895 426
895 427
894 428
894 429
893 430
893 431
892 432
892 433
891 434
890 435
890 436
889 437
889 438
888 439
888 440
887 441
887 442
886 443
886 444
885 445
885 446
885 447
885 448
884 449
884 450
884 451
884 452
883 453
883 454
883 455
883 456
882 457
882 458
882 459
881 460
881 461
880 462
880 463
880 464
879 465
879 466
878 467
878 468
877 469
876 470
876 471
875 472
874 473
873 474
873 475
872 476
871 477
870 478
869 479
868 480
867 481
866 482
865 483
864 484
863 485
862 486
861 487
860 488
859 489
858 490
857 491
856 491
855 492
854 493
853 494
852 494
851 495
850 496
849 497
848 497
847 498
846 499
845 499
844 500
843 501
842 502
841 502
840 503
839 504
838 504
837 505
836 506
835 507
834 507
833 508
832 509
831 510
830 511
829 512
828 513
827 514
826 515
825 516
824 517
824 518
823 519
822 520
821 520
820 521
819 522
818 523
817 523
816 524
815 524
814 525
813 526
812 526
811 527
810 527
809 528
808 529
807 529
806 530
805 531
804 531
803 532
802 533
801 533
800 534
799 535
798 536
797 536
796 537
795 538
794 538
793 539
792 540
791 541
790 541
789 542
788 543
787 543
786 544
785 545
784 546
783 546
782 547
781 548
780 549
779 550
778 550
777 551
776 552
775 553
774 553
773 554
772 555
771 556
770 557
769 557
768 558
767 559
766 560
765 561
764 562
763 563
762 563
761 564
760 565
759 566
758 567
757 568
756 569
755 569
754 570
753 571
752 572
751 573
750 574
749 575
748 576
747 577
746 578
745 579
744 580
743 581
742 582
741 583
740 584
739 584
738 585
737 586
736 587
735 588
734 589
733 590
732 591
731 592
730 593
729 594
728 595
728 596
727 597
726 598
725 599
725 600
724 601
724 602
723 603
723 604
722 605
722 606
721 607
721 608
720 609
720 610
719 611
719 612
718 613
717 614
716 615
715 616
714 617
714 618
713 619
713 620
712 621
712 622
711 623
711 624
710 625
710 626
709 627
709 628
708 629
708 630
707 631
707 632
706 633
706 634
706 635
706 636
706 637
706 638
706 639
706 640
706 641
707 642
707 643
707 644
707 645
707 646
707 647
707 648
707 649
707 650
707 651
706 652
706 653
706 654
706 655
706 656
706 657
706 658
706 659
706 660
706 661
705 661
704 660
703 660
702 659
701 659
700 659
699 659
698 659
697 660
696 660
695 661
694 661
693 662
692 663
691 664
691 665
690 666
690 667
689 668
689 669
689 670
688 671
687 671
686 670
685 669
684 668
683 667
682 667
681 666
680 666
679 665
678 665
677 665
676 665
675 665
674 665
673 666
672 666
671 667
670 667
669 667
668 668
667 668
666 669
665 669
664 670
663 671
662 672
661 673
660 674
659 675
659 676
658 677
658 678
657 679
657 680
657 681
656 682
656 683
655 683
654 684
653 684
652 685
651 685
650 685
649 686
648 686
647 687
646 687
645 688
644 688
643 689
642 689
641 690
640 690
639 691
638 691
637 691
636 692
635 692
634 693
633 693
632 694
631 695
630 696
629 697
628 698
627 699
627 700
626 701
626 702
625 703
624 703
623 703
622 703
621 703
620 703
619 703
618 703
617 703
616 703
615 704
614 704
613 705
612 705
611 706
610 707
609 708
608 709
607 708
606 708
605 707
604 707
603 706
602 706
601 706
600 706
599 706
598 706
597 706
596 707
595 707
594 706
593 706
592 705
591 704
590 704
589 703
588 703
587 702
586 702
585 702
584 702
583 702
582 703
581 703
580 704
579 704
578 705
577 706
576 706
575 706
574 705
573 704
572 703
571 702
570 702
569 701
568 701
567 700
566 700
565 700
564 700
563 700
562 701
561 701
560 702
559 702
558 703
557 704
556 705
555 705
554 706
553 707
552 708
551 709
550 710
550 711
549 712
548 713
547 714
547 715
546 716
545 717
544 718
544 719
543 720
542 721
542 722
541 723
541 724
540 725
540 726
539 727
539 728
538 729
538 730
538 731
538 732
537 733
537 734
536 735
535 736
534 737
533 738
532 739
531 740
531 741
530 742
529 743
529 744
528 745
528 746
527 747
527 748
526 749
526 750
525 751
525 752
525 753
524 754
524 755
524 756
523 757
523 758
522 759
521 760
521 761
520 762
519 763
518 764
517 765
516 766
515 767
514 768
513 769
513 770
512 771
511 772
510 773
509 774
509 775
508 776
507 777
506 778
506 779
505 780
504 781
504 782
503 783
503 784
502 785
502 786
501 787
501 788
500 789
499 790
499 791
498 792
497 793
497 794
496 795
495 796
494 797
493 798
492 799
491 800
491 801
490 802
489 803
488 804
488 805
487 806
486 807
486 808
485 809
485 810
484 811
484 812
483 813
483 814
482 815
481 816
481 817
480 818
480 819
479 820
479 821
479 822
478 823
478 824
478 825
477 826
477 827
477 828
476 829
476 830
475 831
474 832
473 833
472 834
471 835
470 836
469 836
468 836
467 837
466 837
465 838
464 838
463 839
462 840
461 841
460 842
459 842
458 842
457 843
456 843
455 844
454 844
453 845
452 846
451 846
450 846
449 845
448 844
447 843
446 842
445 841
444 841
443 840
442 840
441 839
441 838
441 837
441 836
440 835
440 834
440 833
440 832
440 831
440 830
440 829
440 828
440 827
440 826
439 825
439 824
438 823
438 822
437 821
437 820
436 819
436 818
435 817
435 816
434 815
434 814
433 813
433 812
433 811
433 810
433 809
433 808
433 807
433 806
433 805
433 804
433 803
433 802
432 801
432 800
432 799
431 798
431 797
430 796
430 795
429 794
428 793
427 792
426 791
425 791
424 790
423 790
422 789
421 788
420 787
419 786
418 785
418 784
417 783
417 782
416 781
416 780
416 779
415 778
415 777
414 776
414 775
414 774
413 773
413 772
413 771
412 770
412 769
412 768
411 767
411 766
411 765
411 764
410 763
410 762
410 761
409 760
409 759
409 758
409 757
408 756
408 755
408 754
408 753
408 752
407 751
407 750
407 749
407 748
407 747
406 746
406 745
405 744
405 743
404 742
404 741
403 740
403 739
402 738
402 737
402 736
401 735
402 734
402 733
402 732
402 731
402 730
402 729
402 728
402 727
402 726
401 725
401 724
401 723
401 722
401 721
400 720
400 719
400 718
399 717
399 716
399 715
398 714
398 713
398 712
397 711
397 710
397 709
396 708
396 707
395 706
395 705
394 704
393 703
392 702
391 701
390 701
389 700
388 700
387 699
386 698
386 697
386 696
386 695
385 694
385 693
385 692
385 691
386 690
386 689
386 688
386 687
386 686
386 685
386 684
386 683
386 682
386 681
386 680
386 679
386 678
386 677
385 676
385 675
385 674
385 673
384 672
384 671
384 670
383 669
383 668
382 667
382 666
382 665
381 664
381 663
380 662
380 661
380 660
379 659
379 658
379 657
378 656
378 655
377 654
377 653
376 652
376 651
375 650
375 649
374 648
374 647
373 646
373 645
372 644
372 643
371 642
371 641
370 640
370 639
369 638
368 637
368 636
367 635
366 634
365 633
364 632
363 631
363 630
362 629
362 628
361 627
361 626
360 625
359 624
358 623
357 622
357 621
356 620
355 619
354 618
353 618
352 617
351 616
350 615
349 614
348 613
347 612
346 612
345 611
344 610
343 610
342 609
341 608
340 608
339 607
338 606
337 606
336 605
336 604
335 603
335 602
335 601
335 600
335 599
334 598
334 597
334 596
334 595
335 594
336 593
337 592
338 591
339 590
339 589
340 588
340 587
341 586
342 585
343 584
344 583
345 582
345 581
346 580
346 579
347 578
347 577
347 576
347 575
347 574
347 573
347 572
346 571
346 570
346 569
345 568
345 567
344 566
344 565
343 564
343 563
342 562
342 561
342 560
341 559
341 558
341 557
341 556
340 555
340 554
340 553
340 552
340 551
339 550
339 549
339 548
339 547
338 546
338 545
337 544
337 543
336 542
336 541
335 540
335 539
335 538
334 537
334 536
334 535
334 534
334 533
334 532
334 531
334 530
334 529
334 528
334 527
334 526
334 525
334 524
334 523
334 522
334 521
335 520
335 519
336 518
336 517
337 516
337 515
337 514
337 513
337 512
337 511
337 510
338 509
338 508
339 507
339 506
340 505
340 504
341 503
341 502
341 501
341 500
342 500
343 500
344 500
345 500
346 500
347 500
348 500
349 499
350 499
351 498
352 498
353 497
354 497
355 496
356 496
357 496
358 495
359 495
360 494
361 494
362 493
363 492
364 492
365 491
366 490
367 489
368 489
369 488
370 488
371 487
372 487
373 487
374 487
375 486
376 486
377 485
378 485
379 484
380 484
381 483
382 483
383 482
384 481
385 481
386 480
387 479
388 478
389 478
390 478
391 477
392 477
393 476
394 476
395 475
396 475
397 474
398 473
399 473
400 472
401 471
402 470
403 470
404 469
405 468
406 467
407 467
408 466
409 465
410 464
411 463
412 462
413 461
414 460
415 459
416 458
417 457
418 456
419 455
420 454
421 454
422 453
423 452
424 451
425 450
426 449
427 448
428 447
429 446
430 445
431 444
432 443
432 442
433 441
434 440
435 439
436 438
437 437
437 436
438 435
439 434
440 433
440 432
441 431
442 430
443 429
443 428
444 427
445 426
445 425
446 424
446 423
447 422
448 421
448 420
449 419
449 418
450 417
450 416
451 415
451 414
451 413
452 412
452 411
452 410
452 409
453 408
454 407
455 406
456 405
457 404
458 403
459 402
459 401
460 400
460 399
461 398
461 397
462 396
462 395
463 394
463 393
464 392
465 391
465 390
466 389
466 388
467 387
467 386
468 385
468 384
469 383
469 382
469 381
470 380
470 379
471 378
471 377
472 376
472 375
473 374
473 373
474 372
474 371
474 370
475 369
475 368
475 367
476 366
476 365
476 364
477 363
477 362
477 361
478 360
478 359
478 358
479 357
479 356
479 355
479 354
480 353
480 352
480 351
480 350
480 349
481 348
481 347
481 346
481 345
482 344
482 343
482 342
482 341
482 340
482 339
482 338
483 337
483 336
483 335
483 334
483 333
483 332
484 331
484 330
484 329
485 328
485 327
485 326
485 325
486 324
486 323
486 322
486 321
486 320
486 319
486 318
486 317
485 316
485 315
485 314
485 313
485 312
485 311
485 310
486 309
487 309
488 308
489 308
490 307
491 306
492 305
493 304
494 303
495 302
496 301
496 300
497 299
498 298
499 297
500 296
500 295
501 294
502 293
502 292
503 291
504 290
505 289
506 288
507 287
508 286
509 286
510 287
511 287
512 288
513 289
514 289
515 290
516 290
517 291
518 291
519 291
520 291
521 291
522 290
523 290
524 289
525 289
526 288
527 288
528 288
529 287
530 287
531 287
532 286
533 286