435 203
436 204
437 204
438 205
439 205
440 205
441 205
442 205
443 205
444 205
445 205
446 206
447 206
448 206
449 207
450 207
451 208
452 209
453 210
453 211
454 212
455 213
456 214
457 215
458 215
459 216
460 216
461 217
462 217
463 218
464 218
465 218
466 218
467 219
468 219
469 219
470 220
471 220
472 221
473 221
474 221
475 221
476 221
477 221
478 221
479 221
480 221
481 221
482 221
483 221
484 221
485 221
486 222
487 222
488 223
489 224
490 225
491 225
492 226
493 227
494 228
495 229
496 230
497 230
498 231
499 231
500 232
501 232
502 232
503 232
504 232
505 232
506 232
507 232
508 232
509 232
510 232
511 232
512 232
513 232
514 233
514 234
515 235
516 236
516 237
517 238
518 239
519 240
520 241
521 242
522 243
523 243
524 244
525 244
526 245
527 245
528 245
529 245
530 245
531 245
532 245
533 245
534 245
535 246
536 246
537 247
538 248
539 249
540 249
541 250
542 250
543 251
544 251
545 251
546 251
547 252
548 252
549 253
550 253
551 253
552 254
553 254
554 254
555 255
556 255
557 255
558 255
559 255
560 255
561 255
562 255
563 256
564 256
565 257
566 258
566 259
567 260
567 261
567 262
568 263
568 264
569 265
569 266
570 267
570 268
571 269
572 270
573 271
574 272
575 273
576 274
577 274
578 275
579 275
580 276
581 276
582 276
583 276
584 276
585 276
586 276
587 276
588 277
589 277
590 277
591 277
592 278
593 279
594 280
595 280
596 281
597 282
598 282
599 283
600 283
601 284
602 284
603 284
604 284
605 284
606 284
607 284
608 284
609 284
610 285
611 285
612 286
613 287
614 288
615 289
616 290
617 291
618 291
619 292
620 292
621 293
622 293
623 294
624 294
625 295
626 295
627 296
628 297
629 297
630 298
631 298
632 299
633 299
634 300
635 301
636 301
637 302
638 303
639 304
640 304
641 305
642 305
643 306
644 306
645 306
646 306
647 307
648 308
648 309
648 310
649 311
649 312
648 313
648 314
648 315
648 316
648 317
649 318
649 319
650 320
650 321
651 322
652 323
653 324
654 324
655 325
656 325
657 326
658 326
659 326
660 327
661 327
662 328
663 329
664 330
665 331
666 332
667 333
668 334
669 335
670 336
671 337
671 338
672 339
673 340
674 341
675 342
676 342
677 343
678 343
679 344
680 344
681 344
682 345
682 346
683 347
683 348
683 349
684 350
684 351
685 352
685 353
686 354
686 355
687 356
687 357
688 358
688 359
689 360
690 361
691 362
692 363
693 363
694 364
695 364
696 365
697 365
698 365
699 365
700 365
701 364
702 364
703 363
704 363
705 362
706 361
707 360
707 359
708 359
709 360
710 361
710 362
711 363
711 364
712 365
712 366
713 367
713 368
714 369
714 370
715 371
715 372
716 373
716 374
717 375
717 376
718 377
719 378
720 379
721 380
722 381
722 382
722 383
723 384
723 385
724 386
724 387
725 388
726 389
727 390
728 391
729 392
730 393
731 394
732 395
732 396
733 397
734 398
735 399
735 400
736 401
736 402
737 403
737 404
738 405
738 406
739 407
740 408
741 409
742 410
743 411
743 412
743 413
744 414
744 415
745 416
745 417
746 418
747 419
748 420
749 420
750 421
750 422
751 423
752 424
753 425
753 426
754 427
755 428
756 429
757 430
757 431
758 432
759 433
760 434
760 435
761 436
762 437
762 438
763 439
764 440
765 441
765 442
766 443
767 444
767 445
768 446
768 447
769 448
770 449
770 450
771 451
772 452
773 453
774 454
775 455
776 456
776 457
777 458
778 459
778 460
779 461
780 462
780 463
781 464
782 465
782 466
783 467
783 468
784 469
785 470
786 471
787 472
788 473
789 474
790 475
791 476
792 477
793 478
793 479
794 480
795 481
795 482
796 483
796 484
797 485
797 486
798 487
799 488
800 489
801 489
802 490
803 491
804 491
805 492
806 492
807 493
808 494
808 495
809 496
810 497
811 498
812 499
813 500
814 501
815 502
816 503
817 504
818 505
819 506
820 507
821 508
822 509
823 510
823 511
823 512
824 513
824 514
825 515
825 516
826 517
826 518
827 519
828 520
829 521
830 522
831 522
832 523
833 523
834 524
835 525
836 526
837 527
838 528
838 529
839 530
840 531
840 532
841 533
842 534
843 535
844 536
844 537
845 538
845 539
845 540
845 541
845 542
845 543
845 544
845 545
846 546
846 547
847 548
847 549
848 550
849 551
850 552
850 553
850 554
851 555
851 556
852 557
852 558
853 559
854 560
855 561
856 562
857 563
858 564
859 565
860 566
861 567
862 568
862 569
863 570
864 571
865 572
866 573
867 574
868 575
868 576
869 577
870 578
871 579
871 580
872 581
873 582
873 583
874 584
874 585
874 586
874 587
874 588
873 589
873 590
872 591
872 592
871 593
871 594
871 595
871 596
871 597
871 598
872 599
872 600
873 601
873 602
874 603
875 604
876 605
876 606
877 607
878 608
879 609
879 610
880 611
880 612
880 613
881 614
881 615
881 616
881 617
881 618
881 619
881 620
881 621
880 622
880 623
880 624
880 625
880 626
880 627
881 628
881 629
881 630
882 631
882 632
882 633
883 634
883 635
883 636
884 637
884 638
884 639
885 640
885 641
885 642
885 643
885 644
885 645
885 646
885 647
885 648
885 649
885 650
885 651
886 652
886 653
886 654
886 655
886 656
885 657
885 658
885 659
884 660
884 661
883 662
883 663
882 664
882 665
882 666
882 667
882 668
882 669
882 670
882 671
882 672
882 673
882 674
882 675
883 676
883 677
884 678
884 679
885 680
886 681
886 682
885 683
885 684
884 685
884 686
884 687
883 688
883 689
882 689
881 689
880 689
879 688
878 688
877 688
876 688
875 687
874 687
873 687
872 687
871 687
870 687
869 687
868 687
867 687
866 687
865 687
864 687
863 687
862 687
861 687
860 687
859 687
858 687
857 687
856 687
855 687
854 687
853 687
852 687
851 687
850 688
849 688
848 689
847 689
846 690
845 691
844 692
844 693
843 694
843 695
842 696
842 697
841 698
841 699
841 700
841 701
841 702
840 703
840 704
839 705
838 706
837 706
836 707
835 708
834 709
834 710
833 711
833 712
832 713
832 714
831 715
831 716
831 717
830 718
830 719
830 720
829 721
829 722
828 723
827 724
826 725
825 725
824 726
823 726
822 727
821 727
820 728
819 728
818 728
817 728
816 728
815 729
814 729
813 730
812 730
811 731
810 732
809 733
809 734
808 735
808 736
807 737
807 738
806 738
805 737
804 736
803 736
802 735
801 735
800 734
799 734
798 734
797 734
796 734
795 735
794 735
793 736
792 736
791 737
790 738
789 738
788 739
787 739
786 740
785 740
784 741
783 742
782 742
781 743
780 743
779 744
778 744
777 744
776 744
775 744
774 744
773 744
772 745
771 745
770 746
769 746
768 747
767 748
766 749
765 750
765 751
764 752
764 753
763 754
763 755
763 756
763 757
762 758
762 759
761 760
760 760
759 761
758 762
757 763
756 764
756 765
755 766
755 767
754 768
753 769
752 770
751 771
751 772
750 773
750 774
749 775
749 776
749 777
749 778
749 779
748 780
747 780
746 781
745 781
744 782
743 783
742 784
742 785
741 786
741 787
740 788
740 789
739 790
739 791
739 792
738 793
737 794
737 795
736 796
736 797
735 798
735 799
734 800
733 801
732 802
731 803
730 804
729 805
729 806
728 807
727 808
726 809
725 810
725 811
724 811
723 812
722 812
721 812
720 812
719 813
718 813
717 814
716 814
715 815
714 815
713 816
712 816
711 816
710 816
709 817
708 817
707 817
706 817
705 817
704 817
703 817
702 817
701 817
700 817
699 817
698 817
697 817
696 817
695 817
694 817
693 818
692 818
691 819
690 819
689 820
688 821
687 822
686 823
686 824
685 825
685 826
684 827
683 827
682 828
681 828
680 829
679 829
678 830
677 831
676 832
676 833
675 834
675 835
674 836
674 837
673 838
673 839
672 840
672 841
671 842
671 843
671 844
670 845
670 846
669 847
669 848
668 849
668 850
667 851
667 852
667 853
667 854
667 855
667 856
667 857
667 858
666 859
665 859
664 859
663 859
662 860
661 860
660 861
659 861
658 862
657 863
656 864
656 865
655 866
655 867
654 868
654 869
654 870
654 871
654 872
655 873
655 874
656 875
656 876
656 877
656 878
656 879
656 880
655 881
654 881
653 881
652 882
651 882
650 882
649 883
648 883
647 884
646 884
645 885
644 885
643 886
642 887
641 888
640 888
639 888
638 888
637 887
636 886
635 886
634 885
633 885
632 884
631 884
630 884
629 884
628 884
627 884
626 884
625 885
624 885
623 886
622 886
621 886
620 886
619 886
618 886
617 886
616 887
615 887
614 888
613 888
612 889
611 890
610 890
609 889
608 889
607 888
606 887
605 886
605 885
604 884
603 883
602 882
601 881
600 880
599 879
598 878
597 878
596 877
595 877
594 876
593 876
592 875
591 875
590 875
589 875
588 875
587 875
586 875
585 875
584 874
583 873
583 872
582 871
581 870
580 869
579 868
578 867
577 867
576 866
575 866
574 865
573 865
572 865
571 864
570 864
569 863
568 863
567 863
566 862
565 862
564 862
563 861
562 861
561 860
560 860
559 859
558 859
557 859
556 859
555 859
554 859
553 859
552 858
551 858
550 858
549 858
548 857
547 857
546 857
545 856
544 856
543 856
542 855
541 855
540 855
539 855
538 854
537 854
536 854
535 854
534 854
533 854
532 854
531 854
530 854
529 854
528 853
527 853
526 852
525 852
524 852
523 852
522 852
521 852
520 852
519 852
518 852
517 852
516 852
515 852
514 852
513 852
512 851
511 851
510 851
509 851
508 850
507 850
506 850
505 849
504 849
503 848
502 848
501 847
500 847
499 846
498 846
497 846
496 846
495 846
494 846
493 846
492 846
491 846
490 846
489 846
488 846
487 846
486 845
485 845
484 845
483 845
482 845
481 845
480 844
479 843
478 843
477 842
476 842
475 841
474 841
473 841
472 841
471 841
470 841
469 840
468 840
467 840
466 840
465 840
464 840
463 840
462 840
461 840
460 840
459 840
458 840
457 840
456 840
455 839
454 839
453 838
452 838
451 838
450 838
449 838
448 838
447 838
446 838
445 838
444 838
443 839
442 839
441 839
440 839
439 839
438 839
437 839
436 840
435 840
434 840
433 840
432 840
431 841
430 841
429 841
428 841
427 841
426 841
425 841
424 841
423 841
422 841
421 841
420 841
419 841
418 841
417 841
416 842
415 842
414 842
413 842
412 842
411 842
410 842
409 841
408 841
407 840
406 840
405 840
404 840
403 840
402 840
401 840
400 840
399 840
398 840
397 840
396 840
395 840
394 840
393 841
392 841
391 841
390 841
389 841
388 842
387 842
386 842
385 842
384 842
383 842
382 842
381 842
380 842
379 841
378 840
377 839
376 838
375 838
374 837
373 837
372 836
371 836
370 835
369 835
368 835
367 835
366 835
365 835
364 835
363 835
362 835
361 836
360 836
359 836
358 836
357 836
356 836
355 836
354 836
353 835
352 835
351 835
350 835
349 834
348 834
347 834
346 833
345 833
344 833
343 833
342 833
341 833
340 833
339 834
338 834
337 835
336 835
335 835
334 835
333 835
332 835
331 834
330 834
329 833
328 833
327 833
326 832
325 832
324 832
323 831
322 831
321 831
320 830
319 830
318 829
318 828
317 827
316 826
315 825
314 825
313 824
312 824
311 823
310 823
309 822
308 821
307 821
306 820
305 819
304 819
303 818
302 818
301 817
300 817
299 817
298 816
297 816
296 816
295 816
294 816
293 816
292 816
291 816
290 815
289 814
288 813
287 812
286 811
285 810
284 810
283 809
282 808
281 807
281 806
281 805
280 804
280 803
280 802
280 801
280 800
279 799
279 798
279 797
279 796
279 795
279 794
279 793
279 792
280 791
280 790
280 789
280 788
280 787
280 786
280 785
279 784
279 783
279 782
280 781
280 780
281 779
281 778
281 777
281 776
281 775
281 774
281 773
281 772
281 771
281 770
281 769
281 768
280 767
280 766
279 765
279 764
279 763
280 762
280 761
281 760
281 759
282 758
282 757
282 756
282 755
282 754
282 753
282 752
282 751
281 750
281 749
281 748
281 747
282 746
283 746
284 745
285 745
286 744
287 743
288 742
288 741
289 740
289 739
290 738
290 737
291 736
291 735
291 734
291 733
292 732
293 731
294 730
295 730
296 729
297 728
298 728
299 727
300 727
301 726
302 725
303 724
303 723
304 722
304 721
305 720
305 719
305 718
305 717
305 716
305 715
305 714
306 713
307 712
308 712
309 711
310 710
311 709
312 709
313 708
314 707
315 706
316 705
317 704
318 703
319 703
320 702
321 702
322 701
323 700
324 699
324 698
325 697
325 696
326 695
326 694
326 693
326 692
326 691
326 690
325 689
325 688
324 687
324 686
324 685
325 684
325 683
325 682
326 681
326 680
327 679
327 678
328 677
328 676
329 675
330 674
330 673
331 672
332 671
333 670
334 670
335 669
336 669
337 668
338 667
339 666
339 665
340 664
341 663
342 662
343 661
344 660
345 660
346 659
347 658
348 657
349 656
349 655
350 654
350 653
351 652
351 651
351 650
351 649
351 648
351 647
351 646
351 645
351 644
351 643
351 642
351 641
351 640
351 639
351 638
351 637
351 636
351 635
351 634
351 633
351 632
351 631
352 630
352 629
352 628
353 627
353 626
354 625
354 624
354 623
355 622
355 621
355 620
356 619
356 618
357 617
357 616
358 615
359 615
360 614
361 614
362 613
363 613
364 612
365 611
366 610
366 609
367 608
367 607
368 606
368 605
369 604
369 603
369 602
369 601
369 600
369 599
369 598
369 597
369 596
368 595
368 594
367 593
367 592
367 591
366 590
366 589
366 588
366 587
365 586
365 585
365 584
365 583
365 582
365 581
365 580
365 579
365 578
366 577
366 576
366 575
366 574
366 573
366 572
366 571
365 570
365 569
364 568
364 567
363 566
362 565
362 564
362 563
363 562
364 562
365 561
366 561
367 560
368 559
369 558
370 557
370 556
371 555
371 554
372 553
372 552
373 551
373 550
373 549
373 548
373 547
373 546
373 545
373 544
373 543
373 542
372 541
372 540
372 539
372 538
372 537
372 536
371 535
372 534
372 533
372 532
372 531
372 530
372 529
373 528
373 527
373 526
373 525
373 524
373 523
373 522
373 521
373 520
373 519
373 518
373 517
373 516
373 515
372 514
372 513
372 512
371 511
371 510
371 509
370 508
370 507
369 506
369 505
369 504
369 503
368 502
368 501
368 500
368 499
367 498
367 497
366 496
366 495
365 494
365 493
364 492
364 491
363 490
362 489
362 488
361 487
360 486
359 485
358 484
357 483
356 482
356 481
355 480
355 479
354 478
354 477
353 476
353 475
352 474
352 473
351 472
351 471
351 470
352 469
353 468
353 467
354 466
354 465
355 464
355 463
356 462
356 461
356 460
356 459
356 458
356 457
356 456
356 455
355 454
355 453
355 452
355 451
354 450
354 449
354 448
354 447
353 446
353 445
353 444
353 443
353 442
353 441
353 440
353 439
353 438
352 437
352 436
351 435
351 434
350 433
349 432
348 431
347 430
346 430
345 429
344 428
344 427
343 426
343 425
343 424
343 423
342 422
342 421
342 420
342 419
342 418
342 417
342 416
342 415
342 414
343 413
343 412
344 411
344 410
344 409
344 408
344 407
344 406
344 405
344 404
344 403
343 402
343 401
342 400
342 399
341 398
341 397
340 396
340 395
339 394
339 393
338 392
338 391
338 390
338 389
338 388
337 387
337 386
337 385
336 384
336 383
335 382
335 381
334 380
334 379
333 378
333 377
333 376
333 375
333 374
333 373
333 372
333 371
333 370
333 369
334 368
335 367
336 366
337 365
337 364
338 363
338 362
339 361
339 360
340 359
340 358
340 357
340 356
340 355
340 354
340 353
340 352
339 351
339 350
338 349
338 348
337 347
336 346
336 345
335 344
335 343
335 342
334 341
334 340
334 339
334 338
334 337
334 336
335 335
335 334
336 333
336 332
337 331
337 330
337 329
337 328
337 327
337 326
337 325
336 324
336 323
335 322
335 321
335 320
335 319
335 318
335 317
335 316
335 315
336 314
337 313
337 312
338 311
338 310
339 309
339 308
339 307
339 306
339 305
340 304
340 303
340 302
341 301
342 300
342 299
343 298
343 297
344 296
344 295
344 294
344 293
344 292
343 291
343 290
343 289
343 288
343 287
343 286
343 285
343 284
343 283
344 282
344 281
345 280
345 279
345 278
346 277
346 276
346 275
346 274
346 273
347 272
347 271
347 270
348 269
348 268
348 267
349 266
349 265
349 264
349 263
350 262
350 261
350 260
350 259
351 258
351 257
351 256
351 255
352 254
352 253
353 252
353 251
353 250
354 249
354 248
354 247
355 246
355 245
355 244
356 243
357 242
358 241
359 240
359 239
360 238
361 237
362 236
362 235
363 234
364 234
365 233
366 233
367 233
368 233
369 233
370 232
371 232
372 231
373 231
374 230
375 229
376 228
377 227
377 226
378 225
379 224
380 223
381 222
382 221
383 221
384 221
385 220
386 220
387 220
388 220
389 219
390 219
391 218
392 218
393 217
394 217
395 216
396 215
397 214
398 213
399 213
400 212
401 211
402 211
403 210
404 210
405 210
406 209
407 209
408 208
409 208
410 208
411 208
412 209
413 209
414 209
415 210
416 210
417 210
418 210
419 210
420 209
421 209
422 209
423 208
424 208
425 207
426 207
427 206
428 206
429 205
430 205
431 204
432 204
433 203
434 203