535 243
536 244
537 245
538 245
539 246
540 247
541 247
542 248
543 248
544 249
545 249
546 249
547 249
548 249
549 249
550 248
551 248
552 247
553 247
554 246
555 246
556 246
557 246
558 246
559 246
560 246
561 247
562 247
563 248
564 248
565 249
566 249
567 250
568 250
569 251
570 251
571 251
572 251
573 251
574 251
575 251
576 250
577 250
578 250
579 249
580 249
581 249
582 250
583 250
584 251
585 252
586 253
587 254
588 254
589 255
590 255
591 256
592 256
593 256
594 256
595 256
596 256
597 256
598 256
599 257
600 257
601 258
602 258
603 259
604 260
605 260
606 261
607 261
608 262
609 263
610 263
611 264
612 265
613 265
614 266
615 266
616 267
617 268
618 268
619 269
620 269
621 270
622 270
623 270
624 271
625 271
626 271
627 271
628 271
629 270
630 270
631 270
632 270
633 270
634 269
635 269
636 269
637 268
638 268
639 267
640 267
641 266
642 266
643 265
644 264
645 263
645 262
646 261
647 261
648 260
649 260
650 260
651 259
652 259
653 259
654 259
655 260
656 261
657 262
657 263
658 264
659 265
660 266
661 266
662 267
663 268
664 268
665 269
666 269
667 270
668 271
669 272
669 273
670 274
670 275
670 276
671 277
671 278
671 279
672 280
672 281
673 282
673 283
674 284
675 285
676 286
677 287
678 288
679 289
680 290
681 291
682 292
683 292
684 293
685 293
686 294
686 295
687 296
687 297
687 298
688 299
688 300
688 301
688 302
688 303
689 304
689 305
690 306
690 307
691 308
691 309
692 310
693 311
694 312
695 313
696 314
697 315
698 316
699 317
699 318
699 319
700 320
700 321
701 322
701 323
702 324
703 325
703 326
704 327
705 328
706 329
707 329
708 330
709 331
710 332
711 332
712 333
713 333
714 334
715 334
716 335
717 335
718 336
719 336
720 336
721 337
722 337
723 337
724 338
725 338
726 338
727 339
728 339
729 340
730 340
731 341
732 342
732 343
733 344
734 345
735 346
736 347
737 348
738 349
739 350
740 350
741 351
742 351
743 352
744 353
745 353
746 354
747 354
748 355
749 355
750 355
751 355
752 356
753 356
754 356
755 356
756 356
757 356
758 356
759 356
760 356
761 356
762 356
763 356
764 357
765 357
766 358
767 358
768 359
769 360
769 361
770 362
770 363
771 364
771 365
772 366
773 367
774 368
775 369
776 369
777 370
778 370
779 371
780 371
781 372
782 372
783 373
784 373
785 374
786 375
787 375
788 376
789 376
790 377
791 377
792 378
793 378
794 378
795 378
796 378
797 379
798 379
799 379
800 379
801 379
802 380
803 380
804 381
805 382
806 383
807 384
808 384
809 385
810 385
811 386
812 386
813 387
814 387
815 387
816 387
817 387
818 387
819 386
820 386
821 386
822 386
823 386
824 386
825 386
826 386
827 385
828 385
829 384
830 384
831 383
832 382
833 381
834 380
834 379
835 379
836 378
837 377
838 377
839 377
840 377
841 377
842 377
843 378
844 378
845 379
846 379
846 380
847 381
847 382
847 383
847 384
848 385
848 386
849 387
849 388
850 389
851 390
852 391
853 392
854 392
855 393
856 394
857 395
857 396
858 397
859 398
860 399
861 399
862 400
863 401
864 402
865 403
866 404
867 405
867 406
868 407
869 408
870 409
871 409
872 410
873 410
874 411
875 411
876 411
877 412
877 413
878 414
879 415
879 416
880 417
881 418
881 419
881 420
881 421
881 422
881 423
881 424
881 425
881 426
881 427
881 428
881 429
882 430
882 431
883 432
883 433
883 434
883 435
883 436
883 437
883 438
883 439
882 440
882 441
882 442
881 443
881 444
880 445
880 446
879 447
879 448
878 449
878 450
878 451
878 452
878 453
878 454
878 455
879 456
879 457
879 458
879 459
879 460
879 461
878 462
878 463
877 464
877 465
876 466
876 467
876 468
875 469
874 470
873 471
872 472
871 473
871 474
870 475
870 476
869 477
869 478
869 479
869 480
869 481
869 482
869 483
870 484
870 485
871 486
871 487
872 488
873 489
874 490
875 491
876 491
877 492
878 492
879 493
880 493
881 493
882 493
883 493
884 494
885 494
886 495
887 495
888 496
888 497
888 498
888 499
888 500
887 501
886 501
885 502
884 502
883 502
882 502
881 502
880 502
879 502
878 502
877 502
876 501
875 501
874 501
873 501
872 501
871 502
870 502
869 503
868 503
867 504
866 505
865 506
865 507
864 508
863 509
862 510
861 511
860 512
859 513
858 514
857 515
856 516
855 517
855 518
854 519
854 520
853 521
853 522
852 523
852 524
852 525
852 526
852 527
852 528
852 529
852 530
852 531
852 532
852 533
851 534
851 535
851 536
850 537
850 538
850 539
849 540
849 541
849 542
849 543
848 544
848 545
848 546
847 547
847 548
847 549
846 550
846 551
845 552
845 553
844 554
844 555
843 556
842 557
841 558
841 559
840 560
840 561
839 562
839 563
838 564
838 565
838 566
838 567
838 568
838 569
838 570
838 571
838 572
838 573
838 574
837 575
837 576
837 577
836 578
836 579
835 580
835 581
835 582
835 583
835 584
835 585
835 586
835 587
836 588
836 589
836 590
836 591
835 592
834 593
834 594
833 595
832 596
832 597
831 598
831 599
830 600
830 601
830 602
830 603
829 604
829 605
828 606
827 607
826 607
825 607
824 607
823 607
822 608
821 608
820 608
819 608
818 608
817 608
816 609
815 609
814 609
813 609
812 610
811 610
810 611
809 611
808 612
807 613
806 614
805 615
804 616
803 617
803 618
802 619
802 620
801 621
801 622
801 623
801 624
800 625
800 626
799 627
799 628
799 629
798 630
798 631
798 632
798 633
797 634
796 635
795 635
794 635
793 635
792 635
791 635
790 635
789 635
788 635
787 634
786 634
785 634
784 634
783 634
782 634
781 634
780 634
779 634
778 635
777 635
776 635
775 635
774 635
773 635
772 635
771 635
770 635
769 635
768 636
767 636
766 636
765 636
764 637
763 637
762 638
761 638
760 639
759 639
758 640
757 640
756 641
755 641
754 642
753 642
752 642
751 643
750 643
749 644
748 644
747 645
746 645
745 646
744 647
743 647
742 648
741 649
740 650
739 650
738 651
737 652
736 653
735 654
734 655
733 656
732 657
731 658
730 659
730 660
729 661
729 662
728 663
728 664
727 665
727 666
727 667
726 668
726 669
726 670
725 671
725 672
725 673
725 674
724 675
724 676
724 677
723 678
723 679
722 679
721 680
720 681
719 681
718 681
717 682
716 682
715 682
714 683
713 683
712 684
711 684
710 685
709 685
708 686
707 686
706 687
705 688
704 689
703 690
702 691
701 692
700 693
699 694
698 695
697 696
697 697
696 698
696 699
695 700
695 701
694 702
694 703
694 704
693 705
693 706
692 707
692 708
691 709
691 710
690 711
690 712
690 713
689 714
689 715
689 716
688 717
688 718
687 719
686 720
685 721
684 722
683 723
682 724
681 724
680 725
679 725
678 725
677 726
676 726
675 726
674 726
673 726
672 726
671 727
670 727
669 728
668 728
667 729
666 730
665 731
664 731
663 732
662 732
661 732
660 732
659 732
658 732
657 732
656 732
655 732
654 732
653 732
652 732
651 732
650 732
649 732
648 732
647 733
646 733
645 734
644 734
643 735
642 735
641 736
640 736
639 737
638 737
637 737
636 737
635 737
634 737
633 737
632 737
631 737
630 738
629 738
628 739
627 739
626 740
625 741
624 742
623 742
622 743
621 744
620 744
619 744
618 745
617 745
616 746
615 746
614 747
613 748
612 748
611 749
610 750
609 751
608 752
607 753
606 754
605 755
604 755
603 755
602 756
601 756
600 756
599 756
598 757
597 757
596 757
595 756
594 756
593 755
592 755
591 755
590 754
589 754
588 754
587 754
586 754
585 754
584 754
583 754
582 754
581 754
580 755
579 755
578 755
577 755
576 755
575 754
574 754
573 753
572 753
571 753
570 753
569 753
568 753
567 754
566 754
565 755
564 755
563 755
562 755
561 755
560 754
559 754
558 754
557 754
556 754
555 754
554 754
553 755
552 755
551 755
550 756
549 756
548 757
547 757
546 757
545 758
544 758
543 758
542 759
541 759
540 760
539 760
538 761
537 761
536 762
535 763
534 763
533 764
532 765
531 766
530 767
530 768
529 769
528 770
527 770
526 771
525 772
524 773
523 774
522 775
521 775
520 775
519 776
518 776
517 776
516 776
515 776
514 777
513 777
512 776
511 776
510 776
509 776
508 775
507 775
506 775
505 775
504 775
503 775
502 775
501 775
500 775
499 775
498 776
497 776
496 776
495 777
494 777
493 777
492 778
491 778
490 778
489 779
488 779
487 779
486 779
485 779
484 779
483 779
482 779
481 779
480 779
479 779
478 779
477 779
476 779
475 779
474 778
473 778
472 778
471 778
470 778
469 778
468 778
467 779
466 779
465 779
464 780
463 780
462 780
461 781
460 781
459 781
458 782
457 782
456 782
455 783
454 783
453 784
452 784
451 785
450 785
449 785
448 786
447 786
446 786
445 786
444 786
443 786
442 786
441 786
440 786
439 786
438 786
437 786
436 786
435 786
434 786
433 786
432 786
431 786
430 786
429 785
428 785
427 785
426 785
425 785
424 785
423 785
422 785
421 785
420 785
419 785
418 785
417 785
416 785
415 785
414 784
413 784
412 784
411 783
410 783
409 783
408 783
407 783
406 783
405 783
404 782
403 781
403 780
403 779
403 778
403 777
403 776
403 775
403 774
403 773
403 772
403 771
403 770
403 769
403 768
403 767
403 766
403 765
403 764
403 763
403 762
402 761
402 760
401 759
401 758
400 757
399 756
398 755
397 755
396 754
395 754
394 753
393 753
392 753
391 753
390 753
389 753
388 754
387 754
386 754
385 754
384 753
384 752
383 751
382 750
381 749
380 748
379 748
378 747
377 747
376 746
375 746
374 745
373 745
372 745
371 744
370 744
369 743
368 743
367 742
367 741
366 740
366 739
366 738
366 737
366 736
366 735
366 734
366 733
366 732
366 731
366 730
366 729
367 728
367 727
368 726
368 725
369 724
369 723
370 722
370 721
371 720
371 719
372 718
372 717
372 716
373 715
374 714
374 713
375 712
375 711
376 710
376 709
377 708
378 707
379 706
380 705
381 704
381 703
382 702
382 701
383 700
383 699
383 698
383 697
383 696
383 695
383 694
383 693
383 692
383 691
383 690
383 689
382 688
382 687
381 686
381 685
380 684
379 683
378 682
377 681
376 680
375 679
374 678
374 677
373 676
373 675
373 674
373 673
374 672
374 671
375 670
375 669
376 668
377 667
377 666
378 665
378 664
379 663
379 662
379 661
380 660
380 659
381 658
381 657
382 656
382 655
383 654
383 653
383 652
384 651
384 650
384 649
384 648
384 647
384 646
384 645
384 644
384 643
384 642
384 641
384 640
384 639
384 638
384 637
384 636
384 635
384 634
384 633
385 632
385 631
385 630
386 629
387 628
387 627
388 626
388 625
389 624
389 623
389 622
389 621
389 620
389 619
389 618
388 617
388 616
388 615
388 614
388 613
388 612
388 611
388 610
388 609
388 608
388 607
388 606
388 605
388 604
388 603
388 602
388 601
388 600
388 599
388 598
388 597
388 596
388 595
388 594
388 593
388 592
388 591
387 590
387 589
386 588
386 587
385 586
385 585
384 584
383 583
382 582
382 581
381 580
381 579
380 578
380 577
379 576
379 575
379 574
379 573
379 572
380 571
380 570
380 569
381 568
381 567
381 566
381 565
381 564
382 563
382 562
382 561
383 560
383 559
384 558
384 557
384 556
384 555
385 554
385 553
385 552
385 551
385 550
385 549
385 548
385 547
386 546
386 545
386 544
386 543
387 542
387 541
388 540
388 539
388 538
389 537
389 536
389 535
389 534
389 533
389 532
388 531
388 530
388 529
388 528
388 527
388 526
388 525
388 524
388 523
389 522
389 521
389 520
389 519
390 518
390 517
391 516
392 515
392 514
393 513
393 512
394 511
394 510
395 509
395 508
395 507
395 506
395 505
395 504
395 503
395 502
396 501
397 500
398 499
398 498
399 497
399 496
400 495
400 494
400 493
400 492
400 491
400 490
400 489
400 488
400 487
399 486
399 485
398 484
398 483
397 482
396 481
395 480
394 480
393 479
392 479
391 478
390 478
389 478
388 478
387 477
386 477
385 477
384 476
383 476
382 476
381 475
380 475
379 474
379 473
379 472
379 471
379 470
380 469
381 469
382 468
383 468
384 468
385 467
386 467
387 467
388 467
389 466
390 466
391 466
392 466
393 466
394 466
395 466
396 466
397 465
398 465
399 464
400 464
401 463
402 463
403 462
404 462
405 461
406 460
407 459
408 458
409 457
410 456
410 455
411 454
411 453
412 452
412 451
412 450
412 449
413 448
413 447
413 446
413 445
413 444
413 443
413 442
413 441
412 440
412 439
412 438
411 437
411 436
411 435
410 434
410 433
410 432
410 431
409 430
409 429
409 428
409 427
409 426
409 425
409 424
409 423
409 422
410 421
411 421
412 421
413 421
414 421
415 421
416 421
417 420
418 420
419 419
420 419
421 418
422 417
423 416
424 415
425 414
425 413
426 412
426 411
427 410
427 409
428 408
428 407
429 407
430 406
431 406
432 405
433 405
434 404
435 404
436 403
437 402
438 401
439 400
440 399
440 398
441 397
442 396
443 395
444 394
445 393
446 392
447 391
447 390
448 389
448 388
449 387
449 386
449 385
449 384
449 383
449 382
449 381
449 380
450 379
450 378
450 377
450 376
450 375
450 374
450 373
450 372
450 371
450 370
450 369
450 368
450 367
450 366
450 365
450 364
450 363
451 362
451 361
451 360
452 359
453 358
453 357
454 356
455 355
456 354
457 353
458 352
459 351
460 350
460 349
461 348
462 347
462 346
463 345
463 344
464 343
464 342
464 341
465 340
465 339
465 338
466 337
466 336
467 335
468 334
469 333
470 332
471 331
472 330
473 329
473 328
474 327
474 326
475 325
475 324
476 323
476 322
477 321
477 320
478 319
478 318
479 317
479 316
479 315
479 314
479 313
479 312
479 311
479 310
479 309
479 308
479 307
480 306
480 305
480 304
480 303
481 302
482 301
483 301
484 301
485 300
486 301
487 301
488 301
489 301
490 301
491 301
492 301
493 300
494 300
495 299
496 299
497 298
498 298
499 297
500 297
501 296
502 296
503 295
504 294
505 293
506 292
507 291
507 290
508 289
508 288
509 287
509 286
509 285
510 284
510 283
510 282
511 281
511 280
511 279
511 278
512 277
512 276
513 275
514 274
514 273
515 272
515 271
516 270
516 269
516 268
516 267
516 266
516 265
516 264
516 263
517 262
517 261
518 260
518 259
519 259
520 258
521 257
522 256
523 255
524 254
525 253
526 252
527 251
527 250
528 249
528 248
529 247
529 246
530 245
530 244
531 244
532 243
533 243
534 243