641 115
642 116
643 116
644 117
645 117
646 118
646 119
647 120
648 121
649 122
650 123
651 124
652 124
653 125
654 125
655 126
656 126
657 126
658 126
659 126
660 125
661 125
662 124
663 124
664 123
665 122
666 121
667 121
668 120
669 120
670 121
671 121
672 121
673 122
674 122
675 122
676 123
677 123
678 123
679 123
680 123
681 123
682 123
683 123
684 122
685 122
686 121
687 121
688 120
689 119
690 118
691 117
692 117
693 117
694 117
695 117
696 117
697 117
698 117
699 118
700 118
701 118
702 119
703 119
704 120
705 120
706 121
707 121
708 122
709 123
709 124
710 125
711 126
711 127
712 128
712 129
713 130
713 131
714 132
714 133
715 134
716 135
716 136
717 137
717 138
718 139
718 140
719 141
720 142
721 143
722 144
723 145
724 145
725 146
726 146
727 147
728 147
729 148
730 148
731 149
732 150
733 151
734 152
734 153
735 154
736 155
736 156
737 157
737 158
738 159
738 160
739 161
739 162
740 163
741 164
741 165
742 166
743 167
744 168
745 169
746 170
747 171
748 172
749 173
750 174
750 175
751 176
752 177
752 178
753 179
753 180
754 181
754 182
755 183
755 184
755 185
756 186
756 187
757 188
757 189
757 190
757 191
758 192
758 193
758 194
759 195
759 196
760 197
760 198
761 199
761 200
762 201
762 202
763 203
763 204
763 205
763 206
763 207
763 208
763 209
763 210
763 211
763 212
763 213
763 214
763 215
763 216
763 217
763 218
763 219
763 220
763 221
763 222
764 223
764 224
764 225
765 226
765 227
765 228
765 229
765 230
766 231
766 232
766 233
766 234
766 235
765 236
765 237
765 238
765 239
765 240
765 241
765 242
766 243
766 244
766 245
766 246
767 247
767 248
767 249
767 250
768 251
768 252
768 253
769 254
769 255
769 256
770 257
770 258
771 259
771 260
772 261
772 262
773 263
773 264
774 265
775 266
775 267
776 268
776 269
776 270
776 271
776 272
776 273
775 274
774 275
773 276
772 277
771 278
770 279
769 280
769 281
768 282
768 283
767 284
767 285
767 286
767 287
767 288
767 289
767 290
767 291
767 292
768 293
768 294
768 295
768 296
768 297
768 298
768 299
768 300
768 301
768 302
768 303
768 304
768 305
768 306
768 307
768 308
768 309
768 310
769 311
769 312
769 313
769 314
769 315
769 316
769 317
769 318
769 319
770 320
770 321
770 322
770 323
771 324
771 325
772 326
772 327
772 328
773 329
773 330
773 331
774 332
774 333
774 334
775 335
775 336
775 337
776 338
776 339
777 340
777 341
778 342
778 343
779 344
779 345
780 346
781 347
781 348
782 349
783 350
783 351
784 352
784 353
785 354
785 355
785 356
786 357
786 358
787 359
787 360
788 361
788 362
789 363
790 364
791 365
792 366
793 366
794 367
795 368
796 369
797 370
798 371
799 372
799 373
800 374
801 375
802 376
803 377
804 378
805 378
806 379
807 380
808 381
809 382
810 383
811 383
812 384
813 384
814 385
815 385
816 385
817 385
818 385
819 385
820 386
821 386
822 387
823 387
824 388
825 388
826 388
827 389
828 389
829 389
830 389
831 389
832 389
833 389
834 390
835 390
835 391
836 392
836 393
836 394
836 395
836 396
836 397
836 398
837 399
837 400
837 401
837 402
838 403
838 404
839 405
839 406
840 407
841 408
842 409
843 409
844 410
845 410
846 411
847 411
848 411
849 411
850 411
851 412
852 412
853 412
854 413
855 413
856 413
857 413
858 413
859 413
860 413
861 413
862 413
863 413
864 414
865 414
865 415
865 416
865 417
864 418
863 419
862 420
861 420
860 421
859 422
858 423
857 423
856 424
855 425
854 425
853 426
852 426
851 427
850 427
849 428
848 428
847 429
846 429
845 430
844 430
843 431
842 431
841 432
840 433
839 433
838 434
837 435
836 435
835 436
834 437
833 437
832 438
831 439
830 440
830 441
829 442
829 443
828 444
828 445
828 446
828 447
828 448
828 449
829 450
829 451
830 452
830 453
831 454
831 455
831 456
831 457
831 458
831 459
832 460
832 461
833 462
833 463
834 464
835 465
836 466
837 466
838 467
839 467
840 468
841 468
842 469
843 470
844 471
845 471
846 472
847 472
848 473
849 473
850 473
851 473
852 473
853 473
854 472
855 472
856 472
857 471
858 471
859 471
860 470
861 470
862 471
861 472
860 473
859 474
858 474
857 475
856 475
855 475
854 476
853 476
852 476
851 476
850 476
849 476
848 476
847 476
846 476
845 476
844 476
843 476
842 475
841 475
840 475
839 474
838 474
837 474
836 473
835 473
834 473
833 472
832 472
831 471
830 470
829 470
828 469
827 468
826 468
825 467
824 467
823 466
822 466
821 466
820 466
819 466
818 466
817 466
816 466
815 466
814 467
813 467
812 468
811 468
810 469
809 470
808 471
807 472
806 473
805 474
805 475
804 476
803 477
802 478
802 479
801 480
801 481
800 482
800 483
799 484
799 485
799 486
799 487
799 488
799 489
800 490
800 491
801 492
801 493
802 494
803 495
804 496
805 496
806 497
806 498
807 499
807 500
807 501
807 502
806 502
805 502
804 501
803 501
802 501
801 500
800 500
799 499
798 499
797 498
796 498
795 497
794 497
793 497
792 497
791 497
790 498
789 498
788 499
787 499
786 500
785 501
784 502
783 503
782 504
781 505
780 506
780 507
779 508
778 509
778 510
777 511
776 512
776 513
775 514
775 515
774 516
773 517
773 518
772 519
772 520
771 521
770 522
770 523
769 524
769 525
768 526
768 527
767 528
767 529
766 530
766 531
766 532
766 533
765 534
765 535
764 536
764 537
763 538
763 539
763 540
762 541
762 542
762 543
762 544
762 545
763 546
763 547
764 548
764 549
765 550
766 551
767 552
768 553
769 553
770 554
771 554
772 555
773 555
774 555
775 555
776 555
777 555
778 554
779 554
780 554
781 554
782 555
782 556
782 557
782 558
783 559
783 560
784 561
784 562
785 563
786 564
787 565
788 565
789 566
790 566
791 567
792 567
793 567
794 567
795 567
796 566
797 566
798 566
799 566
800 566
801 566
802 566
803 566
804 566
805 566
806 566
807 566
808 566
809 566
810 566
811 566
812 567
813 567
814 568
815 568
816 569
817 570
818 570
818 571
819 572
820 573
821 574
822 575
823 576
824 576
825 577
825 578
825 579
825 580
824 581
823 582
822 582
821 581
820 581
819 580
818 579
817 578
816 578
815 577
814 577
813 576
812 576
811 576
810 575
809 575
808 575
807 575
806 575
805 575
804 576
803 576
802 577
801 577
800 578
799 579
798 580
798 581
797 582
797 583
796 584
796 585
796 586
796 587
796 588
796 589
797 590
797 591
798 592
798 593
798 594
797 594
796 594
795 593
794 593
793 592
792 592
791 591
790 591
789 590
788 590
787 590
786 590
785 590
784 590
783 590
782 590
781 590
780 590
779 590
778 590
777 590
776 591
775 591
774 592
773 592
772 593
771 594
770 595
770 596
769 597
769 598
768 599
768 600
768 601
768 602
768 603
767 603
766 604
765 604
764 605
763 605
762 606
761 607
760 608
760 609
759 610
759 611
758 612
758 613
758 614
758 615
758 616
758 617
759 618
759 619
760 620
760 621
761 622
762 623
763 624
764 624
765 625
766 625
767 626
768 626
769 627
770 627
771 627
772 627
773 627
774 627
775 627
776 628
777 628
778 629
778 630
778 631
778 632
777 633
777 634
777 635
777 636
777 637
778 638
778 639
779 640
779 641
780 642
781 643
782 644
783 644
784 645
785 645
786 646
787 646
788 646
789 647
790 648
789 648
788 648
787 648
786 648
785 648
784 648
783 648
782 648
781 648
780 648
779 648
778 648
777 649
776 649
775 650
774 650
773 651
772 652
771 653
771 654
770 655
770 656
769 657
769 658
769 659
769 660
769 661
770 662
770 663
770 664
770 665
770 666
770 667
771 668
771 669
772 670
772 671
772 672
772 673
772 674
773 675
773 676
774 677
774 678
775 679
776 680
777 681
777 682
777 683
778 684
777 685
777 686
777 687
777 688
777 689
777 690
777 691
777 692
777 693
777 694
777 695
777 696
777 697
776 698
775 698
774 698
773 697
772 697
771 696
770 696
769 695
768 695
767 694
766 693
765 693
764 692
763 692
762 691
761 691
760 691
759 691
758 691
757 691
756 692
755 692
754 693
753 693
752 694
751 695
750 696
750 697
749 698
749 699
748 700
748 701
748 702
748 703
748 704
749 705
749 706
750 707
750 708
751 709
751 710
752 711
752 712
751 712
750 712
749 712
748 712
747 712
746 712
745 711
744 710
743 710
742 709
741 709
740 708
739 708
738 708
737 708
736 707
735 706
734 706
733 705
732 705
731 704
730 704
729 704
728 704
727 704
726 705
725 705
724 706
723 706
722 707
721 708
720 709
720 710
719 711
719 712
718 713
718 714
718 715
718 716
718 717
719 718
719 719
720 720
720 721
721 722
721 723
721 724
722 725
722 726
722 727
722 728
722 729
722 730
723 731
723 732
723 733
723 734
724 735
724 736
724 737
724 738
725 739
725 740
725 741
725 742
725 743
726 744
726 745
727 746
727 747
728 748
728 749
729 750
729 751
730 752
730 753
730 754
731 755
731 756
731 757
732 758
732 759
732 760
733 761
733 762
734 763
734 764
734 765
734 766
734 767
734 768
733 768
732 768
731 767
731 766
730 765
730 764
730 763
729 762
729 761
729 760
728 759
728 758
727 757
727 756
726 755
726 754
725 753
724 752
724 751
723 750
723 749
722 748
722 747
722 746
721 745
721 744
721 743
721 742
720 741
720 740
719 739
719 738
718 737
717 736
716 735
715 734
714 733
713 732
712 731
712 730
711 729
710 728
709 727
708 726
707 726
706 725
705 725
704 724
703 724
702 724
701 724
700 724
699 725
698 725
697 726
696 726
695 727
694 728
693 729
693 730
692 731
692 732
691 733
691 734
691 735
691 736
691 737
691 738
692 739
692 740
691 741
690 741
689 742
688 743
687 744
687 745
686 746
686 747
685 748
685 749
685 750
684 750
683 750
682 750
681 750
680 750
679 750
678 750
677 750
676 750
675 750
674 751
673 751
672 751
671 750
670 750
669 750
668 750
667 750
666 751
665 751
664 751
663 752
662 752
661 753
660 753
659 754
658 755
657 756
657 757
656 758
656 759
655 760
655 761
655 762
655 763
655 764
655 765
654 765
653 765
652 765
651 765
650 765
649 764
648 763
647 763
646 762
645 762
644 761
643 761
642 761
641 761
640 761
639 761
638 760
637 759
636 759
635 758
634 758
633 757
632 757
631 757
630 757
629 757
628 757
627 758
626 758
625 759
624 759
623 760
622 761
621 762
620 763
620 764
619 765
619 766
618 767
618 768
617 769
616 769
615 769
614 769
613 768
612 768
611 768
610 768
609 768
608 768
607 769
606 769
605 770
604 770
603 771
602 772
601 773
600 774
599 775
598 776
597 777
596 777
595 778
594 779
593 780
592 781
591 782
590 782
589 783
588 784
587 785
586 786
585 787
584 788
583 789
582 790
581 791
581 792
580 793
579 794
578 795
577 795
576 796
575 796
574 797
573 798
572 799
571 800
570 801
569 802
568 803
567 804
566 805
565 806
564 807
563 808
562 809
562 810
561 811
561 812
560 813
560 814
559 815
558 816
557 817
556 817
555 818
554 819
553 820
552 820
551 821
550 822
549 823
549 824
548 825
547 826
547 827
546 828
546 829
545 830
545 831
544 832
544 833
543 834
542 835
542 836
541 837
540 838
540 839
539 840
539 841
538 842
537 843
536 844
536 845
535 846
534 847
533 848
533 849
532 850
531 851
530 852
530 853
529 854
529 855
528 856
528 857
527 858
527 859
526 860
525 861
524 862
523 862
522 862
521 862
520 862
519 862
518 862
517 862
516 862
515 863
514 863
513 864
512 864
511 865
510 865
509 866
508 867
507 868
506 869
505 870
505 871
504 872
503 872
502 873
501 873
500 873
499 874
498 874
497 875
496 875
495 876
494 877
493 878
492 878
491 879
490 880
489 880
488 881
487 882
486 883
485 884
485 885
484 886
483 887
482 888
481 889
481 890
480 891
479 892
478 893
478 894
477 895
476 896
476 897
475 898
475 899
474 900
473 901
472 902
471 902
470 903
469 903
468 903
467 902
466 902
465 901
464 900
463 899
462 898
461 897
460 896
459 895
458 894
457 893
456 892
455 891
455 890
454 889
453 888
453 887
452 886
452 885
451 884
450 883
449 882
448 882
447 881
446 881
445 880
444 880
443 879
442 879
441 878
440 878
439 877
438 877
437 877
436 876
435 876
434 875
433 875
432 875
431 875
430 875
429 876
428 876
427 876
426 876
425 876
424 876
423 876
422 876
421 875
420 874
419 873
419 872
419 871
418 870
418 869
418 868
418 867
417 866
417 865
416 864
416 863
415 862
414 861
414 860
414 859
414 858
414 857
414 856
414 855
414 854
414 853
413 852
413 851
413 850
412 849
412 848
411 847
411 846
410 845
410 844
409 843
409 842
408 841
407 840
406 839
405 838
404 837
403 836
403 835
402 834
402 833
401 832
401 831
400 830
399 829
398 828
397 827
396 827
395 826
395 825
394 824
393 823
392 822
392 821
391 820
391 819
391 818
391 817
391 816
391 815
391 814
390 813
390 812
390 811
389 810
389 809
389 808
389 807
389 806
390 805
390 804
390 803
391 802
391 801
392 800
392 799
393 798
393 797
394 796
394 795
395 794
395 793
396 792
396 791
397 790
397 789
398 788
398 787
398 786
398 785
399 784
399 783
399 782
399 781
400 780
400 779
400 778
401 777
401 776
401 775
401 774
402 773
402 772
402 771
403 770
403 769
403 768
404 767
404 766
404 765
404 764
404 763
404 762
404 761
404 760
404 759
404 758
404 757
404 756
404 755
404 754
404 753
404 752
404 751
405 750
405 749
405 748
405 747
405 746
405 745
405 744
405 743
405 742
406 741
406 740
406 739
406 738
407 737
407 736
407 735
407 734
407 733
407 732
407 731
407 730
407 729
407 728
406 727
406 726
405 725
405 724
404 723
404 722
403 721
403 720
403 719
402 718
402 717
402 716
402 715
402 714
403 713
403 712
404 711
404 710
405 709
405 708
406 707
406 706
406 705
407 704
407 703
408 702
408 701
409 700
410 699
410 698
411 697
411 696
412 695
412 694
413 693
413 692
414 691
414 690
414 689
415 688
415 687
415 686
416 685
416 684
416 683
416 682
417 681
417 680
417 679
417 678
418 677
419 676
419 675
420 674
420 673
421 672
421 671
422 670
422 669
422 668
422 667
423 666
423 665
423 664
423 663
423 662
423 661
424 660
424 659
424 658
424 657
425 656
425 655
425 654
426 653
426 652
427 651
427 650
427 649
428 648
428 647
428 646
428 645
429 644
429 643
429 642
429 641
429 640
430 639
430 638
430 637
430 636
430 635
430 634
430 633
430 632
430 631
430 630
430 629
429 628
429 627
429 626
428 625
428 624
427 623
427 622
427 621
427 620
427 619
427 618
427 617
428 616
428 615
429 614
429 613
430 612
430 611
431 610
431 609
431 608
432 607
432 606
432 605
432 604
433 603
433 602
433 601
433 600
434 599
434 598
434 597
434 596
434 595
434 594
434 593
433 592
433 591
433 590
433 589
434 588
434 587
434 586
434 585
434 584
433 583
433 582
433 581
433 580
433 579
433 578
433 577
433 576
432 575
432 574
432 573
432 572
432 571
432 570
432 569
432 568
433 567
433 566
433 565
433 564
433 563
433 562
433 561
433 560
433 559
433 558
433 557
432 556
432 555
432 554
432 553
432 552
431 551
431 550
431 549
430 548
430 547
430 546
430 545
430 544
430 543
430 542
429 541
429 540
429 539
428 538
428 537
427 536
427 535
426 534
425 533
425 532
424 531
424 530
423 529
423 528
423 527
423 526
423 525
423 524
423 523
423 522
423 521
424 520
424 519
424 518
424 517
424 516
424 515
423 514
423 513
423 512
423 511
423 510
423 509
422 508
422 507
422 506
422 505
421 504
421 503
421 502
421 501
421 500
421 499
420 498
420 497
419 496
419 495
418 494
417 493
416 492
415 491
414 490
414 489
413 488
413 487
413 486
413 485
413 484
413 483
414 482
414 481
414 480
414 479
414 478
413 477
413 476
412 475
412 474
411 473
410 472
409 471
408 470
407 470
406 469
405 469
405 468
404 467
404 466
404 465
404 464
403 463
403 462
402 461
402 460
401 459
400 458
399 457
399 456
398 455
397 454
397 453
396 452
396 451
395 450
395 449
395 448
395 447
395 446
395 445
395 444
395 443
395 442
395 441
394 440
394 439
394 438
394 437
395 436
395 435
396 434
397 433
398 432
399 431
400 430
401 429
402 428
403 427
403 426
404 425
404 424
405 423
405 422
405 421
406 420
406 419
406 418
407 417
407 416
408 415
409 414
409 413
410 412
410 411
411 410
411 409
412 408
413 407
413 406
414 405
414 404
415 403
415 402
415 401
416 400
416 399
417 398
417 397
417 396
418 395
418 394
418 393
418 392
418 391
418 390
418 389
418 388
418 387
418 386
418 385
417 384
417 383
416 382
416 381
416 380
417 380
418 379
419 379
420 378
421 377
422 376
423 375
424 374
424 373
425 372
425 371
426 370
426 369
427 368
428 367
429 366
430 365
431 365
432 364
433 363
434 362
435 361
435 360
436 359
437 358
437 357
438 356
438 355
439 354
439 353
440 352
440 351
441 350
441 349
441 348
442 347
442 346
442 345
442 344
442 343
442 342
441 341
441 340
440 339
440 338
439 337
438 336
437 335
437 334
437 333
437 332
437 331
438 330
438 329
439 328
439 327
440 326
441 325
442 324
443 323
444 322
445 321
446 321
447 320
448 319
449 318
450 317
451 316
452 315
453 314
454 313
455 312
455 311
456 310
457 309
458 308
459 307
460 306
461 305
462 304
463 303
464 302
465 301
465 300
466 299
466 298
467 297
467 296
467 295
467 294
468 293
469 292
469 291
470 290
471 290
472 289
473 288
474 287
474 286
475 285
475 284
476 283
476 282
476 281
476 280
476 279
476 278
476 277
476 276
476 275
476 274
476 273
476 272
477 271
477 270
477 269
477 268
478 267
478 266
478 265
479 264
479 263
480 262
480 261
480 260
481 259
481 258
482 257
482 256
483 255
484 254
485 254
486 253
487 253
488 252
489 252
490 251
491 250
492 249
493 248
494 247
495 246
495 245
496 244
497 243
497 242
498 241
499 240
500 239
501 238
502 238
503 237
504 237
505 236
506 235
507 234
508 233
509 232
510 231
510 230
511 229
511 228
512 227
512 226
513 225
514 224
515 224
516 223
517 223
518 222
519 221
520 220
521 219
521 218
522 217
522 216
523 215
523 214
524 213
524 212
525 211
525 210
526 209
526 208
526 207
526 206
526 205
526 204
526 203
527 202
527 201
527 200
528 199
529 199
530 198
531 198
532 198
533 197
534 197
535 196
536 196
537 195
538 194
539 193
540 192
541 191
542 190
543 189
544 188
545 187
546 187
547 187
548 187
549 186
550 186
551 185
552 185
553 184
554 183
555 182
555 181
556 180
556 179
557 178
557 177
557 176
558 175
558 174
559 173
559 172
560 171
561 170
562 169
563 168
564 168
565 167
566 167
567 166
568 165
569 164
570 163
571 162
572 161
572 160
573 159
573 158
574 157
574 156
574 155
574 154
574 153
574 152
574 151
574 150
574 149
575 148
576 147
577 146
578 145
579 145
580 144
581 144
582 143
583 143
584 143
585 142
586 142
587 142
588 142
589 142
590 142
591 142
592 142
593 142
594 142
595 141
596 141
597 140
598 140
599 139
600 139
601 138
602 138
603 137
604 137
605 136
606 135
607 135
608 134
609 133
610 132
611 132
612 132
613 131
614 131
615 131
616 130
617 130
618 130
619 129
620 129
621 129
622 129
623 129
624 128
625 128
626 128
627 127
628 127
629 126
630 126
631 125
632 124
633 123
633 122
634 121
634 120
635 119
635 118
636 117
637 116
638 115
639 115
640 115