560 300
561 301
562 302
563 303
563 304
564 305
565 306
566 307
567 308
568 308
569 309
570 309
571 310
572 310
573 310
574 310
575 310
576 310
577 311
578 312
578 313
579 314
579 315
580 316
581 317
582 318
583 319
584 320
585 320
586 321
587 321
588 322
589 322
590 322
591 323
592 323
593 323
594 323
595 323
596 323
597 323
598 322
599 322
600 322
601 322
602 321
603 321
604 321
605 320
606 320
607 319
608 319
609 318
610 317
611 316
612 315
613 314
613 313
614 312
614 311
615 310
616 309
617 308
618 307
618 306
619 305
619 304
620 303
620 302
621 302
622 302
623 302
624 303
625 303
626 304
627 305
628 305
629 306
630 306
631 307
632 307
633 307
634 307
635 307
636 306
637 306
638 306
639 306
640 306
641 307
641 308
641 309
641 310
641 311
642 312
642 313
643 314
643 315
644 316
645 317
646 318
647 319
648 320
649 321
650 321
651 322
652 322
653 323
654 323
655 323
656 323
657 323
658 323
659 323
660 323
661 322
662 322
663 321
664 321
665 320
666 319
667 319
668 319
669 319
670 319
671 319
672 319
673 319
674 319
675 318
676 318
677 317
678 317
679 316
680 316
681 316
682 316
683 317
684 317
685 317
686 317
686 318
687 319
687 320
688 321
688 322
689 323
690 324
691 325
691 326
692 327
692 328
692 329
691 330
691 331
691 332
691 333
691 334
691 335
691 336
691 337
692 338
692 339
693 340
693 341
693 342
694 343
694 344
694 345
695 346
695 347
695 348
696 349
696 350
697 351
697 352
698 353
699 354
700 355
701 356
702 356
703 357
704 357
705 358
706 358
707 359
708 359
709 360
710 360
711 361
712 361
713 361
714 361
715 361
716 360
717 360
718 359
719 359
720 358
721 357
722 357
723 357
724 357
725 357
726 357
727 357
728 357
729 357
730 357
731 356
732 356
733 356
734 356
735 355
736 355
737 355
738 355
739 356
740 356
741 356
742 356
743 356
744 356
745 356
746 357
747 357
748 358
748 359
749 360
750 361
751 362
752 362
753 363
754 363
755 364
756 364
757 365
758 365
759 365
760 365
761 365
762 365
763 364
764 364
765 363
766 363
767 362
768 361
769 360
769 359
770 358
770 357
771 356
771 355
771 354
771 353
771 352
771 351
771 350
771 349
772 348
773 348
774 348
775 348
776 348
777 347
778 347
779 346
780 346
781 345
782 344
783 343
784 342
784 341
785 340
786 339
787 338
788 337
788 336
789 335
790 334
791 333
792 332
793 331
794 330
795 329
796 328
797 328
798 328
799 328
800 328
800 329
801 330
801 331
802 332
802 333
803 334
804 335
805 336
806 337
807 337
808 338
809 338
810 339
811 339
812 339
813 339
814 339
815 338
816 338
817 337
818 337
819 336
820 335
821 334
822 333
823 332
824 332
825 331
826 330
827 329
828 328
828 327
829 326
830 325
831 324
831 325
831 326
831 327
831 328
831 329
831 330
831 331
831 332
831 333
831 334
830 335
830 336
830 337
830 338
829 339
829 340
829 341
828 342
828 343
828 344
828 345
828 346
829 347
829 348
830 349
829 350
828 351
827 352
826 353
825 353
824 354
823 355
822 355
821 356
820 357
819 358
818 359
817 360
816 361
815 362
815 363
814 364
813 365
812 366
811 367
810 368
809 369
808 370
808 371
807 372
806 373
805 374
804 375
803 376
803 377
802 378
801 379
801 380
800 381
800 382
799 383
799 384
799 385
799 386
799 387
800 388
800 389
801 390
801 391
802 392
803 393
804 394
805 394
806 395
807 395
808 396
809 397
810 397
811 398
812 398
813 399
814 399
815 399
816 399
817 399
818 399
819 398
820 398
821 397
822 397
823 396
824 395
825 394
826 393
827 392
828 391
829 390
830 390
830 391
830 392
831 393
831 394
832 395
832 396
833 397
834 398
835 399
836 399
837 400
838 400
839 401
840 401
841 401
842 401
843 401
844 401
845 401
846 400
847 400
848 400
849 399
850 399
851 399
852 398
853 398
854 398
855 398
856 397
857 397
858 397
859 397
860 396
861 396
862 395
863 395
864 395
865 394
866 394
867 393
868 393
869 392
870 392
871 391
872 391
873 391
874 391
875 391
875 392
874 392
873 393
872 393
871 394
870 394
869 395
868 395
867 395
866 396
865 396
864 397
863 397
862 398
861 398
860 399
859 399
858 400
857 400
856 401
855 401
854 402
853 402
852 402
851 403
850 403
849 404
848 404
847 405
846 405
845 406
844 406
843 407
842 407
841 408
840 409
839 410
839 411
838 412
838 413
837 414
837 415
837 416
837 417
837 418
838 419
838 420
839 421
839 422
840 423
841 424
842 425
843 425
844 426
845 426
846 427
847 427
848 427
849 427
850 427
851 427
852 427
852 428
852 429
852 430
852 431
853 432
853 433
854 434
854 435
855 436
856 437
857 438
857 439
858 440
858 441
859 442
859 443
860 444
861 445
862 446
863 447
864 447
865 448
866 448
867 449
868 450
869 450
870 451
871 452
872 453
873 454
873 455
872 456
871 456
870 456
869 456
868 456
867 455
866 455
865 455
864 454
863 454
862 454
861 453
860 453
859 453
858 452
857 452
856 451
855 451
854 451
853 451
852 451
851 451
850 451
849 451
848 450
847 450
846 450
845 450
844 450
843 450
842 450
841 450
840 450
839 451
838 451
837 452
836 452
835 453
834 454
833 455
832 456
832 457
831 458
831 459
830 460
830 461
830 462
830 463
830 464
831 465
831 466
831 467
832 468
832 469
833 470
833 471
834 472
835 473
836 474
837 475
838 476
839 476
840 477
841 477
842 478
843 478
844 478
845 478
846 478
847 478
848 478
849 478
850 478
851 478
852 478
853 478
854 477
855 477
856 477
857 477
858 478
859 479
860 480
861 481
862 481
863 482
863 483
863 484
862 485
862 486
862 487
862 488
862 489
862 490
863 491
863 492
864 493
864 494
865 495
866 496
867 497
868 497
869 498
870 498
871 499
872 499
873 499
874 499
875 499
876 498
877 498
878 498
879 497
880 497
881 497
882 496
883 496
884 496
885 496
886 496
887 496
888 496
889 496
890 496
891 496
892 495
893 495
894 495
895 495
896 495
897 495
898 495
899 495
900 495
901 495
902 495
903 495
904 496
905 496
906 496
907 496
906 497
905 497
904 497
903 498
902 498
901 498
900 499
899 499
898 499
897 500
896 500
895 500
894 500
893 501
892 501
891 501
890 502
889 502
888 502
887 503
886 503
885 503
884 503
883 504
882 504
881 504
880 505
879 505
878 506
877 506
876 507
875 508
874 509
874 510
873 511
873 512
872 513
872 514
872 515
872 516
872 517
873 518
873 519
874 520
874 521
875 522
876 523
877 524
878 524
879 525
880 525
881 526
882 527
881 528
881 529
881 530
881 531
881 532
882 533
882 534
883 535
883 536
884 537
885 538
886 539
887 539
888 540
889 540
890 541
891 541
892 542
892 543
893 544
894 545
895 546
896 547
897 548
898 549
897 549
896 549
895 549
894 549
893 549
892 549
891 548
890 548
889 548
888 548
887 548
886 549
885 549
884 550
883 550
882 551
881 552
880 553
880 554
879 555
879 556
878 557
878 558
878 559
878 560
878 561
879 562
879 563
880 564
880 565
881 566
882 567
882 568
882 569
882 570
882 571
881 572
881 573
881 574
881 575
881 576
882 577
882 578
883 579
883 580
884 581
885 582
886 583
887 584
888 584
889 585
888 585
887 586
886 586
885 587
884 588
883 589
883 590
882 591
882 592
881 593
881 594
881 595
881 596
881 597
882 598
882 599
883 600
883 601
884 602
885 603
886 604
887 605
888 606
889 607
890 607
891 608
892 608
893 609
894 609
895 609
896 610
897 610
898 610
899 610
900 611
901 611
902 611
903 611
904 611
905 612
906 612
906 613
905 613
904 613
903 613
902 613
901 613
900 613
899 613
898 613
897 613
896 613
895 612
894 612
893 612
892 612
891 611
890 611
889 611
888 611
887 611
886 611
885 611
884 611
883 611
882 611
881 612
880 612
879 613
878 613
877 614
876 615
875 616
875 617
874 618
874 619
873 620
873 621
873 622
873 623
873 624
874 625
874 626
875 627
875 628
876 629
877 630
878 631
879 631
880 632
881 632
882 633
883 633
884 633
885 633
886 633
887 633
888 634
889 634
890 634
891 634
892 634
893 634
894 634
895 634
896 634
897 635
896 635
895 635
894 636
893 636
892 636
891 636
890 636
889 636
888 636
887 636
886 636
885 636
884 636
883 636
882 636
881 636
880 636
879 636
878 636
877 636
876 636
875 636
874 636
873 636
872 636
871 636
870 636
869 636
868 636
867 636
866 636
865 636
864 635
863 635
862 635
861 634
860 634
859 633
858 633
857 633
856 633
855 632
854 632
853 632
852 632
851 632
850 632
849 632
848 633
847 633
846 634
845 634
844 634
843 635
842 635
841 635
840 636
839 636
838 637
837 637
836 638
835 639
834 640
834 641
833 642
833 643
832 644
832 645
832 646
832 647
832 648
833 649
833 650
834 651
834 652
835 653
836 654
837 655
838 655
839 656
839 657
840 658
840 659
841 660
842 661
843 662
844 662
845 663
846 663
847 664
847 665
846 666
846 667
846 668
846 669
846 670
846 671
846 672
847 673
847 674
848 675
848 676
849 677
849 678
849 679
848 679
847 679
846 678
845 678
844 677
843 676
842 676
841 675
840 674
839 673
838 672
837 671
836 671
835 670
834 670
833 669
832 669
831 669
830 669
829 669
828 670
827 670
826 670
825 671
824 671
823 671
822 672
821 672
820 672
819 672
818 672
817 672
816 673
815 673
814 673
813 673
812 674
811 674
810 674
809 675
808 675
807 676
806 676
805 677
804 677
803 678
802 679
801 679
800 680
799 681
798 682
797 683
797 684
796 685
796 686
795 687
795 688
795 689
795 690
795 691
796 692
796 693
797 694
797 695
798 696
799 697
800 698
799 699
798 699
797 700
796 700
795 701
794 701
793 701
792 702
791 702
790 703
789 703
788 704
787 705
786 706
786 707
785 708
785 709
784 710
784 711
784 712
784 713
784 714
785 715
785 716
786 717
786 718
787 719
788 720
789 721
790 721
790 722
790 723
790 724
791 725
791 726
792 727
792 728
793 729
794 730
794 731
795 732
795 733
796 734
796 735
797 736
798 737
798 738
799 739
800 740
800 741
801 742
802 743
803 744
804 744
805 745
806 745
807 746
808 746
809 747
810 748
811 749
812 750
813 751
813 752
814 753
815 754
815 755
816 756
816 757
816 758
816 759
816 760
815 761
815 762
814 763
813 764
812 765
812 766
811 766
810 765
810 764
809 763
809 762
808 761
808 760
807 759
806 758
805 757
804 756
803 756
802 755
801 755
800 754
799 754
798 754
797 754
796 754
795 754
795 753
794 752
793 751
792 750
791 750
790 749
789 749
788 748
787 748
786 748
785 748
784 748
783 748
782 748
781 748
780 748
779 748
778 748
777 748
776 748
775 748
774 748
773 747
772 747
771 747
770 747
769 746
768 746
767 746
766 745
765 745
764 745
763 744
762 744
761 744
760 744
759 743
758 743
757 743
756 742
755 742
754 742
753 741
752 741
751 741
750 740
749 740
748 740
747 740
746 739
745 739
744 739
743 739
742 739
741 740
740 740
739 740
738 741
737 741
736 742
735 742
734 743
733 744
732 745
731 746
731 747
730 748
730 749
729 750
729 751
729 752
729 753
729 754
730 755
730 756
731 757
731 758
732 759
733 760
734 761
735 761
735 762
736 763
735 763
734 763
733 763
732 763
731 763
730 763
729 763
728 763
727 764
726 764
725 765
724 765
723 766
722 767
721 767
720 767
719 767
718 767
717 767
716 766
715 766
714 765
713 765
712 764
711 764
710 763
709 763
708 763
707 763
706 763
705 763
704 763
703 762
702 762
701 761
700 761
699 761
698 761
697 761
696 761
695 762
694 762
693 763
692 763
691 764
690 765
689 766
689 767
688 768
688 769
687 770
687 771
687 772
687 773
687 774
687 775
688 776
688 777
689 778
689 779
690 780
691 781
692 782
693 783
694 784
695 784
696 785
697 786
698 787
698 788
698 789
698 790
698 791
698 792
697 793
696 793
695 794
694 794
693 794
692 794
691 794
690 793
689 793
688 793
687 793
686 793
685 793
684 794
683 794
682 795
681 795
680 796
679 797
678 798
677 797
677 796
676 795
676 794
675 793
674 792
673 791
672 791
671 790
670 790
669 789
668 789
667 789
666 789
665 789
664 790
663 790
662 791
661 791
660 792
659 793
658 794
657 795
656 795
655 796
654 796
653 796
652 796
651 796
650 796
649 796
648 796
647 796
646 796
645 797
644 797
643 798
642 798
641 799
640 799
639 800
638 801
637 802
637 803
636 804
636 805
635 806
635 807
634 808
634 809
634 810
634 811
633 812
633 813
632 814
632 815
631 816
631 817
630 818
630 819
629 820
628 821
627 822
626 823
625 823
624 823
623 823
622 822
622 821
622 820
622 819
622 818
622 817
623 816
624 815
624 814
625 813
625 812
626 811
626 810
627 809
627 808
628 807
628 806
628 805
628 804
628 803
627 802
627 801
626 800
626 799
625 798
625 797
624 796
623 795
622 794
621 794
620 793
619 793
618 792
617 792
616 792
615 792
614 792
613 792
612 793
611 793
610 793
609 794
608 794
607 794
606 795
605 795
604 796
603 796
602 796
601 795
600 795
599 794
598 794
597 793
596 793
595 793
594 793
593 793
592 794
591 794
590 795
589 795
588 796
587 797
586 798
586 799
585 800
585 801
584 802
584 803
584 804
583 805
583 806
583 807
583 808
582 809
581 809
580 809
580 808
579 807
579 806
578 805
578 804
577 803
576 802
575 801
574 801
573 800
572 800
571 799
570 799
569 799
568 799
567 799
566 800
565 800
564 800
563 800
562 800
561 801
560 801
559 802
558 802
557 803
556 804
555 805
555 806
554 807
554 808
553 809
553 810
553 811
553 812
553 813
552 812
552 811
551 810
550 809
549 808
548 807
547 807
546 806
545 806
544 805
543 805
542 805
541 805
540 805
539 805
538 804
537 804
536 803
535 803
534 802
533 802
532 801
531 801
530 801
529 801
528 801
527 801
526 801
525 802
524 802
523 802
522 801
521 800
520 800
519 799
518 799
517 798
516 798
515 798
514 798
513 798
512 798
511 799
510 799
509 800
508 800
507 801
506 802
505 803
505 804
504 805
504 806
503 807
503 808
503 809
502 810
502 811
502 812
502 813
501 814
501 815
501 816
501 817
501 818
501 819
500 820
500 821
500 822
500 823
500 824
500 825
500 826
501 827
501 828
501 829
501 830
501 831
501 832
501 833
501 834
501 835
501 836
501 837
500 837
499 836
499 835
499 834
499 833
499 832
498 831
498 830
498 829
498 828
498 827
498 826
498 825
498 824
498 823
498 822
498 821
497 820
497 819
497 818
496 817
496 816
496 815
496 814
496 813
496 812
496 811
496 810
496 809
496 808
496 807
496 806
496 805
496 804
496 803
496 802
496 801
496 800
497 799
497 798
497 797
497 796
497 795
498 794
498 793
498 792
498 791
499 790
499 789
499 788
500 787
500 786
500 785
501 784
501 783
501 782
501 781
501 780
501 779
500 778
500 777
499 776
499 775
498 774
497 773
496 772
495 772
494 771
493 770
492 769
492 768
491 767
490 766
489 765
488 765
487 764
486 764
485 763
484 763
483 763
482 763
481 763
480 763
479 763
478 763
477 764
476 764
475 765
474 765
473 766
472 767
471 768
470 769
470 770
469 771
468 772
467 773
467 774
466 775
465 776
465 777
464 778
464 779
463 780
462 781
461 782
460 783
459 784
459 785
458 786
457 787
456 788
456 787
456 786
456 785
456 784
456 783
457 782
457 781
457 780
458 779
458 778
458 777
459 776
459 775
460 774
460 773
461 772
461 771
462 770
462 769
463 768
463 767
463 766
463 765
463 764
462 763
462 762
461 761
461 760
460 759
459 758
458 757
458 756
458 755
458 754
458 753
458 752
457 751
457 750
456 749
456 748
455 747
454 746
453 745
452 744
451 744
450 743
449 743
448 742
447 741
446 740
446 739
445 738
445 737
444 736
444 735
443 734
442 733
441 732
440 731
439 731
438 730
437 730
436 729
435 729
434 729
433 729
432 729
431 730
430 730
429 731
428 731
427 732
426 732
425 733
424 733
423 734
422 735
421 735
420 736
420 735
420 734
420 733
420 732
420 731
421 730
421 729
421 728
421 727
421 726
422 725
422 724
422 723
422 722
422 721
422 720
422 719
421 718
421 717
420 716
420 715
419 714
418 713
417 712
416 711
416 710
416 709
415 708
415 707
415 706
415 705
415 704
415 703
414 702
414 701
413 700
413 699
412 698
411 697
410 696
409 695
408 695
407 694
406 694
406 693
406 692
406 691
405 690
405 689
404 688
404 687
403 686
402 685
401 684
400 684
399 683
398 683
397 682
396 682
395 682
394 681
394 680
395 679
395 678
395 677
395 676
395 675
395 674
395 673
395 672
394 671
394 670
393 669
393 668
392 667
391 666
391 665
390 664
390 663
389 662
389 661
388 660
387 659
386 658
385 658
384 657
383 657
382 656
381 656
380 656
379 656
378 656
377 657
376 656
376 655
376 654
376 653
376 652
375 651
375 650
376 649
377 648
378 647
378 646
379 645
379 644
380 643
380 642
380 641
380 640
380 639
380 638
379 637
379 636
378 635
378 634
377 633
376 632
375 631
374 630
373 630
372 629
371 629
370 628
369 628
368 628
367 628
366 628
365 628
364 627
363 627
362 627
361 626
360 626
359 626
358 626
357 626
356 626
355 626
354 626
353 626
352 627
351 627
350 628
349 628
348 629
347 630
346 631
346 632
345 633
345 634
344 635
343 636
342 635
342 634
342 633
342 632
343 631
343 630
344 629
345 628
345 627
346 626
347 626
348 625
349 624
350 623
351 622
352 621
352 620
353 619
353 618
354 617
354 616
354 615
354 614
354 613
354 612
353 611
353 610
352 609
352 608
351 607
351 606
350 605
349 604
348 603
347 602
346 601
345 601
344 600
343 600
342 599
342 598
341 597
341 596
341 595
342 594
343 594
344 593
345 593
346 592
347 591
348 590
349 589
350 588
350 587
351 586
351 585
352 584
352 583
352 582
352 581
352 580
352 579
352 578
351 577
351 576
350 575
350 574
349 573
348 572
347 571
347 570
346 569
346 568
345 567
344 566
343 565
342 564
341 564
340 563
339 563
338 562
337 562
336 562
335 562
334 562
333 562
332 562
331 562
330 562
329 562
328 563
327 563
326 563
325 564
324 564
323 564
322 565
321 565
320 565
319 566
318 566
317 566
316 566
315 566
314 566
315 565
316 565
317 564
318 564
319 563
320 563
321 562
322 561
323 561
324 560
325 559
326 559
327 558
328 557
329 556
329 555
330 554
330 553
331 552
331 551
332 550
332 549
333 548
333 547
333 546
333 545
333 544
333 543
333 542
332 541
332 540
331 539
331 538
330 537
329 536
328 535
327 535
326 534
325 534
324 533
324 532
325 531
326 531
327 531
328 531
329 530
330 530
331 529
332 529
333 528
334 527
335 526
335 525
336 524
336 523
337 522
337 521
337 520
337 519
337 518
338 517
339 516
340 515
340 514
341 513
341 512
342 511
342 510
342 509
342 508
342 507
341 506
341 505
340 504
340 503
339 502
338 501
337 500
336 500
335 499
334 499
333 498
332 498
331 497
330 496
329 495
329 494
329 493
329 492
329 491
328 490
328 489
327 488
327 487
328 486
328 485
328 484
329 483
329 482
330 481
331 482
332 482
333 483
334 484
335 485
336 485
337 486
338 486
339 487
340 487
341 487
342 487
343 487
344 487
345 486
346 486
347 485
348 485
349 484
350 483
351 482
351 481
352 480
352 479
353 478
353 477
353 476
353 475
353 474
353 473
352 472
352 471
351 470
351 469
350 468
350 467
351 467
352 467
353 467
354 466
355 466
356 465
357 465
358 464
359 463
360 462
360 461
361 460
361 459
362 458
362 457
362 456
362 455
362 454
361 453
361 452
361 451
361 450
360 449
360 448
360 447
360 446
360 445
361 445
362 445
363 446
364 447
365 447
366 448
367 448
368 449
369 449
370 449
371 449
372 449
373 449
374 448
375 448
376 447
377 447
378 446
379 445
380 444
380 443
381 442
381 441
382 440
382 439
382 438
382 437
382 436
382 435
382 434
382 433
382 432
382 431
382 430
382 429
382 428
382 427
381 426
381 425
381 424
380 423
380 422
380 421
379 420
379 419
379 418
379 417
379 416
380 415
381 415
382 416
382 417
383 418
383 419
384 420
384 421
385 422
385 423
385 424
386 425
386 426
387 427
387 428
388 429
388 430
389 431
390 432
391 433
392 434
393 435
394 435
395 436
396 436
397 437
398 437
399 437
400 437
401 437
402 436
403 436
404 435
405 435
406 434
407 434
408 433
409 433
410 434
411 434
412 435
413 435
414 436
415 436
416 436
417 436
418 436
419 436
420 436
421 435
422 435
423 434
424 434
425 434
426 434
427 434
428 434
429 433
430 433
431 432
432 432
433 431
434 430
435 429
435 428
436 427
436 426
437 425
437 424
437 423
437 422
437 421
437 420
437 419
438 418
438 417
439 416
439 415
440 414
440 413
440 412
440 411
441 410
442 409
443 408
444 408
445 408
446 409
447 409
448 410
449 410
450 410
451 410
452 410
453 409
454 409
455 408
456 408
457 407
458 407
459 406
460 406
461 405
462 405
463 404
464 404
465 403
466 403
467 403
468 402
469 402
470 401
471 401
472 400
473 400
474 401
475 401
476 401
477 401
478 401
479 400
480 400
481 399
482 399
483 398
484 397
485 396
485 395
486 394
486 393
487 392
487 391
487 390
487 389
487 388
487 387
486 386
486 385
485 384
485 383
484 382
485 381
486 382
487 383
488 384
489 385
490 386
491 386
492 387
493 387
494 388
495 388
496 388
497 388
498 388
499 387
500 387
501 386
502 386
503 385
504 384
505 383
506 382
506 381
507 380
507 379
508 378
508 377
509 376
509 375
509 374
509 373
509 372
509 371
509 370
508 369
508 368
507 367
507 366
506 365
505 364
504 363
503 363
502 362
502 361
501 360
501 359
500 358
500 357
499 356
499 355
498 354
497 353
496 352
495 352
494 351
493 351
492 350
491 350
490 349
489 349
488 348
488 347
488 346
487 345
487 344
486 343
486 342
485 341
485 340
486 340
487 340
488 341
489 341
490 341
491 341
492 341
493 341
494 341
495 341
496 341
497 341
498 342
499 343
500 343
501 344
502 345
503 345
504 346
505 346
506 347
507 347
508 347
509 347
510 347
511 346
512 346
513 345
514 345
515 344
516 343
517 342
517 341
518 340
518 339
519 338
519 337
519 336
519 335
519 334
518 333
518 332
517 331
517 330
516 329
515 328
515 327
514 326
514 325
513 324
513 323
512 322
512 321
511 320
511 319
510 318
510 317
510 316
510 315
509 314
509 313
509 312
509 311
510 312
511 313
512 314
512 315
513 316
514 317
515 318
516 319
517 320
518 321
519 322
520 322
521 323
522 323
523 324
524 324
525 325
526 325
527 325
528 325
529 325
530 325
531 325
532 325
533 324
534 324
535 324
536 324
537 324
538 324
539 324
540 325
541 325
542 325
543 325
544 325
545 325
546 325
547 325
548 325
549 325
550 325
551 325
552 324
553 324
554 323
555 323
556 322
557 321
558 320
558 319
559 318
559 317
560 316
560 315
560 314
560 313
560 312
559 311
559 310
559 309
559 308
559 307
559 306
559 305
559 304
559 303
559 302
559 301
559 300