664 197
665 198
666 199
667 199
668 200
669 200
670 201
671 201
672 201
673 201
674 201
675 201
676 201
676 202
677 203
677 204
678 205
678 206
679 207
680 208
681 209
682 210
683 211
684 211
685 212
686 212
687 213
688 213
689 214
690 214
691 214
692 215
693 216
693 217
693 218
693 219
694 220
694 221
695 222
695 223
696 224
696 225
697 226
697 227
698 228
698 229
698 230
698 231
698 232
698 233
698 234
699 235
699 236
700 237
700 238
701 239
701 240
702 241
702 242
703 243
704 244
705 245
705 246
705 247
704 248
704 249
703 250
702 251
702 252
701 253
701 254
700 255
700 256
700 257
700 258
700 259
700 260
700 261
700 262
700 263
700 264
701 265
701 266
701 267
701 268
701 269
701 270
701 271
702 272
702 273
703 274
703 275
704 276
704 277
705 278
706 279
706 280
707 281
708 282
709 283
709 284
709 285
709 286
709 287
708 288
708 289
707 290
707 291
707 292
707 293
706 294
706 295
706 296
706 297
706 298
707 299
707 300
708 301
708 302
709 303
710 304
711 305
712 306
713 307
714 308
714 309
715 310
716 311
717 312
717 313
718 314
718 315
718 316
718 317
718 318
718 319
719 320
719 321
720 322
720 323
721 324
722 325
722 326
723 327
723 328
723 329
724 330
724 331
725 332
725 333
725 334
726 335
726 336
726 337
726 338
726 339
727 340
727 341
728 342
728 343
729 344
729 345
730 346
731 347
732 348
733 349
733 350
734 351
734 352
734 353
735 354
735 355
735 356
736 357
736 358
737 359
737 360
738 361
739 362
740 363
741 363
742 364
743 365
744 365
745 366
746 366
747 367
748 368
749 368
749 369
749 370
749 371
749 372
749 373
749 374
750 375
750 376
751 377
751 378
751 379
752 380
752 381
753 382
753 383
753 384
754 385
754 386
754 387
754 388
754 389
754 390
754 391
754 392
754 393
754 394
754 395
754 396
755 397
755 398
756 399
756 400
757 401
758 402
759 403
760 403
761 404
762 404
763 405
763 406
763 407
763 408
763 409
762 410
762 411
762 412
762 413
762 414
763 415
763 416
764 417
764 418
765 419
766 420
767 421
768 422
769 422
770 423
771 423
772 424
773 424
774 425
773 426
772 426
771 427
770 428
769 428
768 429
767 429
766 430
765 430
764 431
763 432
762 433
762 434
761 435
761 436
760 437
760 438
759 439
759 440
758 441
758 442
758 443
758 444
758 445
758 446
758 447
758 448
758 449
758 450
758 451
758 452
758 453
758 454
758 455
758 456
758 457
758 458
758 459
758 460
759 461
759 462
759 463
760 464
760 465
761 466
761 467
762 468
763 469
764 470
764 471
764 472
765 473
765 474
765 475
765 476
765 477
765 478
765 479
765 480
764 481
764 482
764 483
764 484
764 485
764 486
764 487
764 488
764 489
764 490
764 491
764 492
763 493
763 494
763 495
763 496
763 497
763 498
762 499
762 500
762 501
762 502
762 503
762 504
762 505
762 506
762 507
762 508
763 509
763 510
763 511
763 512
763 513
763 514
763 515
763 516
763 517
763 518
763 519
763 520
763 521
763 522
763 523
763 524
763 525
763 526
764 527
764 528
764 529
765 530
765 531
765 532
766 533
766 534
767 535
767 536
768 537
768 538
769 539
769 540
770 541
770 542
771 543
771 544
771 545
770 546
770 547
769 548
769 549
768 550
768 551
768 552
768 553
768 554
768 555
768 556
768 557
769 558
769 559
769 560
769 561
770 562
770 563
770 564
771 565
771 566
772 567
772 568
773 569
774 570
775 571
776 572
777 573
778 574
779 574
780 575
781 575
782 576
783 576
784 577
785 577
786 578
786 579
786 580
786 581
786 582
786 583
786 584
785 585
784 586
784 587
783 588
783 589
782 590
781 591
781 592
780 593
780 594
779 595
779 596
778 597
778 598
778 599
778 600
778 601
778 602
778 603
778 604
778 605
778 606
779 607
779 608
779 609
779 610
779 611
778 612
778 613
777 614
777 615
776 616
776 617
776 618
775 619
775 620
774 621
774 622
773 623
773 624
773 625
773 626
773 627
773 628
773 629
773 630
773 631
774 632
774 633
774 634
775 635
775 636
775 637
776 638
776 639
777 640
777 641
778 642
779 643
780 644
781 645
782 646
783 647
784 648
785 648
786 649
787 649
788 650
789 650
790 650
791 651
791 652
792 653
791 654
791 655
791 656
791 657
790 658
790 659
790 660
790 661
790 662
790 663
790 664
790 665
790 666
790 667
790 668
789 669
788 670
787 670
786 671
785 672
784 673
784 674
783 675
782 676
782 677
781 678
780 679
780 680
779 681
779 682
778 683
778 684
778 685
777 686
776 687
775 687
774 688
773 689
772 690
771 691
771 692
770 693
770 694
769 695
769 696
768 697
767 698
766 699
765 700
764 701
764 702
763 703
763 704
762 705
762 706
762 707
762 708
762 709
762 710
762 711
762 712
762 713
762 714
762 715
763 716
763 717
764 718
764 719
765 720
766 721
767 722
768 723
769 723
770 724
771 724
772 725
773 725
774 726
775 726
776 726
777 727
778 727
779 728
780 728
781 729
782 729
783 730
784 731
784 732
784 733
784 734
783 735
783 736
782 737
781 738
781 739
780 740
780 741
779 742
779 743
779 744
779 745
779 746
778 747
778 748
777 749
777 750
776 751
776 752
775 753
775 754
775 755
774 756
774 757
774 758
773 759
773 760
773 761
773 762
773 763
773 764
773 765
774 766
774 767
775 768
775 769
776 770
777 771
777 772
778 773
779 774
779 775
780 776
780 777
780 778
780 779
780 780
780 781
780 782
780 783
780 784
781 785
781 786
781 787
781 788
782 789
782 790
783 791
783 792
784 793
783 794
783 795
783 796
782 797
782 798
782 799
781 800
781 801
781 802
781 803
781 804
782 805
782 806
782 807
782 808
782 809
783 810
783 811
782 812
782 813
782 814
782 815
782 816
782 817
782 818
781 819
781 820
781 821
781 822
781 823
781 824
781 825
782 826
782 827
783 828
783 829
784 830
785 831
786 832
786 833
786 834
786 835
786 836
786 837
786 838
786 839
786 840
786 841
787 842
787 843
787 844
787 845
787 846
787 847
787 848
787 849
788 850
788 851
788 852
789 853
789 854
790 855
790 856
791 857
792 858
792 859
792 860
792 861
793 862
793 863
794 864
794 865
795 866
795 867
796 868
796 869
796 870
796 871
795 871
794 870
793 870
792 869
791 869
790 869
789 869
788 869
787 870
786 870
785 871
784 871
783 872
782 873
781 874
781 875
780 876
780 877
779 878
779 879
779 880
778 880
777 880
776 880
775 881
774 881
773 882
772 882
771 883
770 884
769 885
769 886
768 887
768 888
767 889
767 890
767 891
766 892
765 891
764 891
763 890
763 889
762 888
762 887
761 886
761 885
760 884
760 883
760 882
759 881
759 880
758 879
758 878
757 877
757 876
756 875
756 874
755 873
755 872
754 871
754 870
753 869
753 868
752 867
751 866
751 865
750 864
749 863
748 862
747 861
746 860
745 859
744 859
743 858
742 857
741 857
740 856
739 855
738 854
737 854
736 853
735 852
734 852
733 851
732 850
731 849
730 848
729 848
728 847
727 846
726 845
725 844
724 843
723 842
722 842
721 841
720 841
719 840
718 840
717 840
716 839
715 839
714 838
713 838
712 837
711 837
710 836
709 836
708 835
707 835
706 834
705 834
704 834
703 833
702 833
701 832
700 831
699 831
698 830
697 830
696 829
695 829
694 828
693 828
692 827
692 826
691 825
691 824
690 823
689 822
688 821
687 820
686 819
685 818
684 817
683 817
682 816
681 816
680 815
679 815
678 814
677 814
676 814
675 813
674 813
673 813
672 813
671 813
670 813
669 812
668 812
667 812
666 812
665 812
664 812
663 813
662 813
661 813
660 812
659 812
658 811
657 811
656 811
655 810
654 810
653 810
652 810
651 810
651 809
650 808
650 807
649 806
649 805
648 804
648 803
647 802
647 801
646 800
646 799
645 798
644 797
643 796
642 795
641 795
640 794
639 794
638 793
637 793
636 792
635 792
634 791
633 790
632 789
631 788
631 787
630 786
630 785
629 784
628 783
627 782
626 781
625 781
624 780
623 780
622 779
621 779
620 779
619 779
618 779
618 778
617 777
617 776
617 775
616 774
616 773
615 772
615 771
614 770
614 769
613 768
612 767
611 766
610 766
609 765
608 765
607 764
606 764
605 763
604 763
603 763
602 763
601 763
600 764
599 764
598 765
597 765
596 766
595 767
594 768
593 769
592 769
591 770
590 771
589 772
588 773
587 774
586 775
585 776
584 777
583 777
582 778
581 778
581 777
581 776
581 775
582 774
582 773
582 772
583 771
583 770
583 769
584 768
584 767
584 766
584 765
584 764
584 763
584 762
583 761
583 760
582 759
582 758
581 757
580 756
579 755
578 755
577 754
576 754
575 753
574 753
573 753
572 752
571 751
571 750
571 749
571 748
571 747
570 746
570 745
570 744
570 743
570 742
570 741
570 740
569 739
569 738
568 737
568 736
567 735
566 734
566 733
565 732
564 731
563 730
563 729
562 728
561 727
560 726
560 725
559 724
559 723
558 722
557 721
556 720
555 719
554 718
553 718
552 717
551 717
550 716
549 716
548 715
547 715
546 714
545 714
544 714
543 713
542 713
541 712
540 712
539 712
538 711
537 711
536 710
535 710
534 710
533 710
532 710
531 710
530 710
529 710
528 710
527 710
526 710
525 710
524 710
523 710
522 710
521 710
520 710
519 709
518 709
517 709
516 709
515 709
514 709
513 709
512 710
511 710
510 711
509 711
508 712
507 713
506 713
505 713
504 712
503 712
502 712
501 711
500 710
500 709
499 708
499 707
498 706
498 705
497 704
496 703
495 702
494 701
493 700
493 699
493 698
492 697
492 696
492 695
492 694
492 693
492 692
491 691
491 690
491 689
491 688
490 687
490 686
490 685
490 684
490 683
491 682
491 681
491 680
491 679
491 678
491 677
491 676
490 675
490 674
489 673
489 672
488 671
487 670
486 669
485 668
484 667
484 666
483 665
482 664
481 663
480 662
479 661
478 661
477 660
476 659
475 659
474 658
473 657
472 657
471 656
470 655
469 655
468 654
467 653
466 652
465 651
464 650
463 649
462 648
461 648
460 647
459 647
458 646
457 646
456 645
455 645
454 644
453 644
452 643
451 643
450 642
449 642
448 641
447 641
446 640
445 640
444 640
443 639
442 639
441 639
440 638
439 637
438 636
437 635
436 635
435 634
434 634
433 633
432 632
431 631
430 630
429 629
428 628
427 627
426 626
425 625
424 624
423 623
422 622
421 621
420 620
419 619
418 618
417 617
416 616
415 615
414 614
413 613
412 612
411 612
410 611
409 611
408 610
407 610
406 609
405 609
404 608
403 607
402 607
401 606
400 605
399 605
398 604
397 603
397 602
396 601
396 600
395 599
395 598
395 597
395 596
395 595
395 594
396 593
397 592
397 591
398 590
398 589
399 588
399 587
399 586
400 585
401 584
402 584
403 583
404 582
405 581
406 580
407 579
408 578
409 577
410 576
410 575
411 574
412 573
413 572
414 571
414 570
415 569
415 568
416 567
416 566
416 565
416 564
416 563
415 562
415 561
414 560
414 559
413 558
412 557
412 556
412 555
412 554
412 553
412 552
412 551
412 550
412 549
411 548
411 547
410 546
410 545
409 544
409 543
408 542
408 541
407 540
406 539
405 538
404 537
403 537
402 536
401 536
400 535
399 535
398 535
397 535
396 535
395 535
394 536
393 536
392 537
391 537
390 538
389 538
388 539
387 540
386 541
385 542
385 543
384 543
383 543
382 543
381 542
380 542
379 541
379 540
378 539
378 538
377 537
377 536
376 535
375 534
374 533
373 533
373 532
373 531
373 530
373 529
373 528
373 527
373 526
372 525
372 524
371 523
371 522
370 521
369 520
369 519
369 518
369 517
369 516
369 515
368 514
368 513
367 512
367 511
366 510
365 509
364 508
363 507
362 506
361 505
360 505
359 504
358 503
358 502
359 501
359 500
360 499
360 498
361 497
361 496
362 495
362 494
363 493
363 492
364 491
364 490
364 489
364 488
364 487
364 486
364 485
364 484
364 483
364 482
365 481
365 480
365 479
366 478
367 478
368 477
369 477
370 477
371 477
372 477
373 476
374 476
375 475
376 475
377 474
378 474
379 474
380 474
381 474
382 473
383 473
384 472
385 472
386 471
387 470
388 469
389 468
390 467
391 466
391 465
392 464
392 463
393 462
394 461
395 460
396 460
397 459
398 459
399 459
400 459
401 459
402 458
403 458
404 458
405 458
406 457
407 457
408 456
409 456
410 455
411 454
412 454
413 453
414 453
415 452
416 452
417 451
418 451
419 450
420 450
421 450
422 450
423 450
424 449
425 449
426 448
427 448
428 447
429 446
430 445
430 444
431 443
431 442
432 441
432 440
432 439
432 438
432 437
433 436
434 436
435 435
436 435
437 434
438 434
439 433
440 432
441 431
441 430
442 429
442 428
443 427
443 426
443 425
444 424
444 423
445 423
446 423
447 422
448 422
449 422
450 422
451 422
452 422
453 422
454 422
455 422
456 421
457 421
458 421
459 420
460 420
461 421
462 422
463 423
464 423
465 424
466 424
467 425
468 425
469 425
470 425
471 425
472 425
473 424
474 424
475 423
476 423
477 422
478 421
479 420
480 419
481 419
482 418
483 418
484 417
485 416
486 415
487 414
488 413
488 412
489 411
490 410
490 409
491 408
492 407
493 406
494 405
495 405
496 404
497 404
498 403
499 402
500 401
501 400
501 399
502 398
503 397
504 397
505 396
506 395
507 395
508 394
509 393
510 392
511 391
511 390
512 389
513 388
514 387
514 386
515 385
515 384
516 383
516 382
516 381
517 380
517 379
517 378
517 377
517 376
517 375
516 374
516 373
515 372
515 371
515 370
516 369
516 368
517 367
518 367
519 366
520 365
521 364
522 363
523 362
523 361
524 360
524 359
525 358
525 357
525 356
525 355
525 354
525 353
525 352
524 351
524 350
523 349
523 348
522 347
522 346
521 345
522 344
523 345
524 345
525 345
526 345
527 346
528 346
529 346
530 346
531 346
532 346
533 345
534 345
535 344
536 344
537 343
538 342
539 341
539 340
540 339
540 338
541 337
541 336
541 335
542 334
543 333
544 333
545 332
546 331
547 330
548 329
548 328
549 327
549 326
550 325
550 324
550 323
550 322
550 321
550 320
550 319
550 318
551 318
552 318
553 319
554 319
555 320
556 320
557 320
558 320
559 320
560 320
561 320
562 319
563 319
564 318
565 318
566 317
567 317
568 316
569 315
570 314
571 313
571 312
572 311
573 310
574 309
574 308
575 307
576 306
576 305
577 304
578 303
578 302
579 301
579 300
580 299
580 298
580 297
581 296
581 295
581 294
581 293
581 292
582 291
582 290
583 289
584 288
585 287
586 286
587 285
587 284
588 283
588 282
589 281
589 280
590 279
590 278
591 277
592 276
593 276
594 275
595 274
596 273
597 272
597 271
598 270
598 269
599 268
599 267
600 266
601 265
602 264
602 263
603 262
603 261
604 260
604 259
605 258
605 257
605 256
606 255
607 254
608 254
609 253
610 253
611 252
612 251
613 250
614 249
615 248
616 247
617 246
618 245
619 244
619 243
620 242
620 241
621 240
621 239
621 238
622 237
622 236
623 235
624 234
625 233
626 232
627 231
627 230
628 229
629 228
629 227
630 226
631 225
632 224
633 223
634 222
635 221
636 220
637 219
638 219
639 219
640 219
641 218
642 218
643 217
644 217
645 216
646 215
647 214
648 213
649 213
650 212
651 212
652 211
653 211
654 210
655 210
656 209
657 208
658 207
659 206
659 205
660 204
660 203
661 202
661 201
661 200
661 199
662 198
662 197
663 197