463 319
464 320
465 320
466 321
467 321
468 322
469 323
470 323
471 324
472 325
473 325
474 326
475 326
476 327
477 327
478 328
479 328
480 328
481 329
482 329
483 329
484 330
485 330
486 330
487 330
488 330
489 330
490 330
491 330
492 330
493 330
494 329
495 329
496 329
497 328
498 328
499 328
500 328
501 329
502 329
503 330
504 330
505 331
506 331
507 332
508 332
509 332
510 332
511 332
512 332
513 332
514 332
515 332
516 331
517 331
518 331
519 331
520 331
521 331
522 331
523 331
524 332
525 332
526 332
527 333
528 333
529 334
530 335
531 336
532 337
533 338
534 339
535 339
536 340
537 341
538 342
539 343
540 343
541 344
542 345
543 346
544 346
545 347
546 348
547 349
548 350
549 350
550 351
551 352
552 352
553 353
554 354
555 355
556 356
557 357
558 358
559 358
560 359
561 359
562 360
563 360
564 360
565 360
566 360
567 360
568 360
569 359
570 359
571 358
572 358
573 357
574 357
575 356
576 356
577 355
578 354
579 353
580 353
581 353
582 353
583 354
584 355
585 356
586 356
587 357
588 357
589 358
590 358
591 358
592 358
593 359
594 360
595 360
596 361
597 362
598 363
598 364
599 365
600 366
600 367
600 368
601 369
601 370
601 371
602 372
602 373
602 374
603 375
603 376
604 377
604 378
605 379
606 380
606 381
607 382
608 383
609 384
610 385
611 385
612 386
613 387
614 388
615 389
616 390
617 391
618 392
619 393
620 393
621 394
622 395
623 395
624 396
625 397
626 397
627 398
627 399
628 400
629 401
629 402
630 403
630 404
630 405
630 406
631 407
631 408
632 409
632 410
633 411
633 412
634 413
635 414
636 415
637 416
638 417
639 418
640 418
641 419
642 419
643 420
644 420
645 420
646 421
647 421
648 422
649 422
650 423
651 423
652 424
653 424
654 425
655 425
656 425
657 425
658 426
659 426
660 426
661 426
662 426
663 425
664 425
665 425
666 425
667 425
668 425
669 425
670 426
671 427
672 427
673 428
674 428
675 429
676 429
677 430
678 430
679 431
680 431
681 432
682 432
683 433
684 434
685 435
686 436
687 437
688 438
688 439
688 440
688 441
689 442
689 443
690 444
690 445
691 446
691 447
692 448
693 449
693 450
694 451
695 452
696 453
697 454
698 455
699 455
700 456
701 457
702 458
703 459
704 460
705 461
706 461
707 462
708 463
709 463
710 464
711 464
712 465
713 465
714 466
715 466
716 466
717 467
718 467
719 467
720 467
721 468
722 468
723 468
724 468
725 468
726 468
727 468
727 469
727 470
727 471
727 472
728 473
728 474
729 475
729 476
730 477
731 478
732 479
733 480
734 480
735 481
736 481
737 482
738 482
739 483
740 483
741 484
742 484
743 485
744 485
745 486
746 486
747 487
748 488
749 489
750 489
751 490
752 491
752 492
752 493
752 494
752 495
752 496
752 497
752 498
753 499
753 500
753 501
753 502
753 503
753 504
754 505
754 506
755 507
755 508
756 509
757 510
758 511
759 512
760 513
761 514
762 515
763 516
764 517
764 518
765 519
766 520
767 521
768 521
769 522
770 522
771 523
772 524
773 525
773 526
774 527
774 528
775 529
775 530
776 531
777 532
778 533
779 534
780 535
781 536
782 537
783 537
784 538
785 538
786 539
787 539
788 540
789 541
790 542
791 543
792 544
793 545
794 546
795 547
796 548
797 549
798 549
798 550
799 551
799 552
799 553
799 554
800 555
800 556
800 557
800 558
800 559
801 560
801 561
801 562
801 563
802 564
802 565
803 566
803 567
804 568
805 569
805 570
806 571
807 572
807 573
808 574
809 575
809 576
810 577
811 578
811 579
812 580
813 581
814 582
815 583
816 584
817 585
818 586
819 587
820 588
821 589
822 590
823 591
824 592
825 593
825 594
826 595
827 596
828 597
829 598
830 599
831 600
832 601
833 602
834 603
835 604
836 605
837 606
838 606
839 607
840 608
841 608
842 609
843 610
844 611
845 612
846 613
846 614
847 615
847 616
848 617
848 618
849 619
850 620
851 621
852 621
853 622
854 623
855 624
856 625
857 626
858 627
859 628
860 629
861 630
861 631
862 632
863 633
863 634
864 635
864 636
865 637
866 638
866 639
867 640
868 641
868 642
868 643
869 644
869 645
869 646
869 647
869 648
869 649
870 650
870 651
870 652
870 653
871 654
871 655
872 656
872 657
872 658
873 659
873 660
874 661
874 662
874 663
875 664
875 665
876 666
876 667
877 668
878 669
879 670
880 670
881 671
882 672
883 673
884 674
884 675
885 676
886 677
887 678
888 679
888 680
889 681
889 682
890 683
891 684
892 685
893 686
894 686
895 687
896 687
897 688
897 689
897 690
897 691
897 692
897 693
896 694
896 695
896 696
895 697
895 698
895 699
895 700
895 701
895 702
894 703
894 704
894 705
894 706
894 707
894 708
894 709
894 710
894 711
893 712
893 713
892 713
891 714
890 715
889 715
888 715
887 716
886 716
885 717
884 717
883 717
882 717
881 717
880 718
879 718
878 717
877 717
876 717
875 717
874 717
873 717
872 717
871 717
870 717
869 717
868 717
867 717
866 717
865 717
864 717
863 717
862 718
861 718
860 719
859 719
858 720
857 721
856 721
855 722
854 723
853 724
852 725
851 726
850 727
849 728
848 729
847 730
846 731
845 732
844 733
843 734
843 735
842 736
842 737
841 738
840 739
839 740
838 741
837 742
836 743
836 744
835 745
835 746
834 747
833 748
832 748
831 749
830 749
829 750
828 750
827 750
826 751
825 751
824 751
823 751
822 752
821 752
820 752
819 752
818 752
817 752
816 753
815 753
814 753
813 753
812 753
811 753
810 754
809 754
808 754
807 755
806 755
805 756
804 756
803 757
802 758
801 758
800 759
799 759
798 759
797 759
796 759
795 759
794 759
793 759
792 758
791 758
790 758
789 758
788 758
787 759
786 759
785 759
784 760
783 760
782 760
781 761
780 761
779 761
778 762
777 762
776 762
775 762
774 761
773 761
772 760
771 760
770 759
769 759
768 758
767 758
766 758
765 758
764 758
763 758
762 758
761 758
760 758
759 759
758 759
757 760
756 760
755 761
754 762
753 763
752 764
751 765
751 766
750 767
750 768
749 769
749 770
749 771
749 772
749 773
749 774
748 775
747 774
746 774
745 773
744 773
743 773
742 773
741 773
740 773
739 773
738 773
737 773
737 772
737 771
736 770
736 769
735 768
735 767
734 766
734 765
733 764
733 763
732 762
731 761
730 760
729 759
728 758
727 757
726 756
725 755
724 755
723 754
722 754
721 753
720 752
719 752
718 751
717 750
716 749
715 749
714 748
713 747
712 747
711 746
710 746
709 745
708 745
707 744
706 744
705 744
704 744
703 744
702 744
701 744
700 744
699 744
698 744
697 744
696 744
695 744
694 744
693 744
692 744
691 744
690 744
689 743
688 743
687 743
686 743
685 742
684 742
683 742
682 742
681 742
680 743
679 743
678 744
677 744
676 745
675 746
674 746
673 746
672 746
671 746
670 745
669 745
668 745
667 745
666 745
665 745
664 745
663 746
662 746
661 747
660 747
659 748
658 749
657 750
657 751
656 752
656 753
655 754
655 755
655 756
654 757
654 758
654 759
654 760
654 761
654 762
654 763
654 764
654 765
653 765
653 764
653 763
653 762
653 761
653 760
653 759
653 758
652 757
652 756
652 755
651 754
651 753
651 752
651 751
650 750
650 749
650 748
650 747
650 746
649 745
649 744
648 743
648 742
647 741
646 740
645 739
644 738
643 738
642 737
641 737
640 736
639 736
638 735
638 734
637 733
637 732
636 731
635 730
634 729
633 728
632 728
631 727
630 727
629 726
628 726
627 726
626 726
625 726
624 726
623 727
622 727
621 727
620 727
619 726
619 725
618 724
618 723
618 722
617 721
617 720
616 719
616 718
615 717
614 716
613 715
612 715
611 714
610 714
609 713
608 713
607 713
606 713
605 713
604 714
603 714
602 715
601 715
600 716
599 717
598 718
598 719
597 720
597 721
596 722
596 723
596 724
595 724
594 725
593 725
592 726
591 726
590 727
589 728
588 729
588 730
587 731
587 732
586 733
586 734
585 735
585 736
584 737
584 738
584 739
584 740
584 741
585 742
585 743
586 744
586 745
586 746
587 747
587 748
587 749
587 750
586 750
585 750
584 749
583 749
582 749
581 748
581 747
580 746
580 745
580 744
580 743
580 742
580 741
580 740
580 739
580 738
580 737
580 736
580 735
580 734
580 733
580 732
580 731
579 730
579 729
579 728
579 727
579 726
578 725
578 724
578 723
578 722
577 721
577 720
576 719
576 718
575 717
574 716
573 715
572 714
571 713
570 713
569 712
568 712
567 711
566 711
565 711
564 711
563 711
562 712
561 712
560 713
559 713
558 714
557 715
556 715
555 715
554 716
553 716
552 717
551 717
550 718
549 719
548 719
547 718
546 717
545 717
544 716
543 716
542 715
541 715
540 715
539 715
538 715
537 716
536 716
535 717
534 717
533 718
532 719
532 718
531 717
531 716
530 715
530 714
530 713
529 712
529 711
528 710
528 709
527 708
526 707
525 706
524 706
523 705
522 705
521 704
520 704
519 704
518 704
517 704
516 703
516 702
515 701
515 700
514 699
513 698
512 697
511 696
510 695
509 694
508 694
507 693
506 692
505 692
504 691
503 691
502 690
501 690
500 689
499 688
498 688
497 687
496 686
495 686
494 685
493 685
492 684
491 684
490 683
489 683
488 683
487 683
486 683
485 683
484 684
483 684
482 685
481 685
480 686
479 687
478 688
478 689
477 690
476 690
476 689
475 688
474 687
473 686
472 686
471 685
470 685
469 684
468 684
467 684
466 684
465 684
464 685
463 685
462 686
461 686
460 687
459 688
459 687
460 686
460 685
461 684
461 683
461 682
461 681
461 680
462 679
463 679
464 678
465 678
466 677
467 676
468 675
468 674
469 673
469 672
470 671
470 670
470 669
471 668
471 667
471 666
471 665
471 664
471 663
471 662
471 661
470 660
470 659
470 658
469 657
469 656
469 655
468 654
468 653
467 652
467 651
466 650
465 649
464 648
463 648
462 647
461 647
460 646
459 646
458 646
457 646
456 646
455 646
454 647
453 647
452 648
451 648
450 649
449 650
448 651
448 652
447 653
447 654
446 655
446 656
445 657
444 658
443 659
442 659
441 659
440 659
440 658
439 657
438 656
438 655
437 654
438 653
438 652
438 651
439 650
439 649
440 648
441 647
442 647
443 646
444 645
445 644
446 643
447 642
447 641
448 640
448 639
449 638
449 637
449 636
449 635
449 634
449 633
449 632
449 631
448 630
448 629
447 628
447 627
446 626
445 625
444 624
443 624
442 623
441 623
440 622
439 622
438 622
437 622
436 622
435 623
434 623
433 624
432 624
431 625
430 626
429 627
428 628
428 629
427 630
427 631
426 631
425 631
424 631
423 631
422 631
421 632
420 632
419 633
418 633
417 634
416 635
415 635
414 636
413 636
412 636
411 636
410 637
409 637
408 638
407 638
406 639
405 639
404 640
403 641
402 641
402 640
402 639
403 638
403 637
404 636
405 635
405 634
406 633
407 632
408 631
408 630
409 629
409 628
410 627
410 626
410 625
410 624
410 623
410 622
410 621
410 620
410 619
410 618
410 617
410 616
409 615
409 614
408 613
408 612
407 611
406 610
407 609
408 609
409 608
410 608
411 607
412 607
413 606
414 605
415 604
415 603
416 602
416 601
417 600
417 599
417 598
417 597
417 596
416 595
416 594
415 593
415 592
414 591
413 590
412 589
411 589
410 588
409 588
408 587
407 587
406 586
405 586
404 585
403 585
402 584
401 584
400 583
399 583
398 582
397 582
396 582
395 582
394 582
393 582
392 583
391 583
390 584
389 584
388 585
387 585
386 586
385 586
384 587
383 588
382 589
381 590
380 591
379 592
378 593
377 594
376 595
375 596
374 596
373 597
372 598
371 599
370 600
369 601
368 601
367 602
366 602
365 603
364 604
363 604
362 605
361 605
361 604
361 603
362 602
362 601
363 600
363 599
363 598
363 597
363 596
363 595
363 594
363 593
363 592
363 591
362 590
362 589
362 588
362 587
363 586
364 585
364 584
365 583
365 582
366 581
366 580
366 579
366 578
366 577
366 576
366 575
367 574
368 573
369 573
370 573
371 572
372 572
373 572
374 572
375 572
376 571
377 571
378 570
379 570
380 569
381 568
382 567
382 566
383 565
383 564
384 563
384 562
384 561
384 560
384 559
383 558
383 557
382 556
382 555
381 554
380 553
379 552
378 551
377 551
376 550
375 550
374 549
373 549
372 548
371 548
370 547
369 546
368 545
367 545
366 544
365 544
364 543
363 543
362 542
361 542
360 541
359 541
358 540
357 540
356 539
355 538
354 538
353 537
352 537
351 536
350 536
349 536
348 536
347 536
346 536
345 537
344 537
343 538
342 538
341 539
340 539
339 539
339 538
338 537
338 536
338 535
337 534
337 533
337 532
338 532
339 531
340 530
341 529
342 528
342 527
343 526
343 525
344 524
344 523
344 522
344 521
344 520
344 519
343 518
343 517
342 516
342 515
341 514
341 513
340 512
339 511
339 510
338 509
338 508
337 507
337 506
336 505
335 504
334 503
333 503
332 502
331 501
330 500
329 499
328 498
327 497
326 496
325 495
324 495
323 494
323 493
323 492
324 491
324 490
325 489
325 488
325 487
325 486
325 485
325 484
325 483
324 482
324 481
323 480
323 479
322 478
321 477
320 476
319 476
318 475
317 475
316 474
315 474
314 473
313 473
312 472
311 472
310 472
309 472
308 472
307 472
306 473
305 473
304 474
303 474
302 473
301 473
300 473
299 472
298 472
297 472
296 471
296 470
297 470
298 470
299 470
300 471
301 471
302 471
303 471
304 471
305 472
306 472
312 471
313 471
314 470
315 470
316 469
317 468
318 467
319 466
320 465
320 464
321 463
321 462
322 461
322 460
322 459
322 458
322 457
321 456
321 455
321 454
320 453
320 452
320 451
319 450
319 449
318 448
318 447
317 446
317 445
316 444
316 443
315 442
315 441
315 440
314 439
314 438
313 437
313 436
313 435
312 434
312 433
311 432
311 431
310 430
310 429
309 428
309 427
310 426
311 425
312 424
313 423
313 422
314 421
314 420
315 419
315 418
315 417
315 416
315 415
315 414
315 413
315 412
315 411
314 410
314 409
314 408
314 407
314 406
314 405
314 404
314 403
314 402
314 401
315 400
315 399
315 398
316 397
316 396
316 395
316 394
317 393
317 392
317 391
317 390
317 389
317 388
318 387
319 386
320 385
321 385
322 384
323 384
324 383
325 382
326 381
327 380
328 379
328 378
329 377
330 376
330 375
331 374
331 373
332 372
332 371
332 370
332 369
332 368
332 367
332 366
332 365
332 364
332 363
332 362
332 361
333 360
333 359
333 358
334 357
334 356
335 355
336 355
337 354
338 354
339 353
340 352
341 351
342 350
342 349
343 348
343 347
344 346
344 345
344 344
344 343
344 342
345 342
346 342
347 342
348 341
349 341
350 341
351 341
352 341
353 342
354 342
355 343
356 343
357 344
358 344
359 344
360 344
361 344
362 344
363 343
364 343
365 343
366 343
367 343
368 343
369 343
370 343
371 343
372 343
373 343
374 343
375 343
376 342
377 342
378 341
379 341
380 340
381 340
382 340
383 339
384 339
385 339
386 339
387 339
388 340
389 340
390 340
391 340
392 340
393 340
394 339
395 339
396 338
397 338
398 337
399 336
400 335
401 334
401 333
402 332
402 331
403 330
403 329
403 328
403 327
404 326
404 325
405 324
406 323
407 323
408 323
409 323
410 323
411 323
412 323
413 323
414 323
415 324
416 324
417 324
418 325
419 325
420 326
421 326
422 326
423 326
424 326
425 326
426 326
427 326
428 325
429 325
430 325
431 325
432 324
433 324
434 324
435 323
436 323
437 323
438 323
439 323
440 323
441 323
442 323
443 323
444 323
445 323
446 323
447 323
448 323
449 323
450 323
451 322
452 322
453 321
454 321
455 321
456 320
457 320
458 320
459 319
460 319
461 319
462 319