593 223
594 224
595 224
596 225
597 226
598 226
599 227
600 228
601 228
602 229
603 229
604 230
605 230
606 231
607 231
608 232
609 232
610 233
611 234
611 235
612 236
613 237
613 238
614 239
614 240
615 241
615 242
616 243
617 244
618 245
619 246
620 247
621 247
622 248
623 248
624 249
625 249
626 249
627 250
628 250
629 250
630 250
631 250
632 250
633 250
634 250
635 250
636 250
637 250
638 250
639 250
640 249
641 249
642 248
643 248
644 248
645 248
646 248
647 248
648 248
649 248
650 248
650 249
650 250
651 251
651 252
652 253
652 254
653 255
654 256
655 257
656 258
656 259
657 260
657 261
658 262
658 263
658 264
659 265
659 266
660 267
660 268
661 269
662 270
663 271
664 272
665 273
666 273
667 274
668 274
669 275
670 276
671 276
672 277
673 278
673 279
674 280
675 281
676 282
677 283
678 284
679 284
680 285
681 285
682 286
683 286
684 287
685 287
686 288
687 289
688 290
689 291
689 292
690 293
691 294
692 295
692 296
693 297
694 298
695 299
696 300
697 301
698 302
699 302
700 303
701 303
702 304
703 304
704 304
705 304
706 305
707 305
708 306
709 307
710 308
711 309
711 310
712 311
712 312
713 313
714 314
715 315
716 316
716 317
717 318
718 319
719 320
719 321
720 322
720 323
721 324
721 325
722 326
722 327
722 328
723 329
723 330
723 331
723 332
724 333
724 334
724 335
725 336
725 337
725 338
726 339
726 340
727 341
727 342
728 343
728 344
729 345
730 346
731 347
732 348
733 349
734 350
734 351
735 352
735 353
736 354
736 355
737 356
737 357
738 358
739 359
740 360
741 360
742 361
743 362
744 363
745 363
746 364
747 364
748 365
749 365
750 366
751 366
752 366
753 366
754 367
755 367
756 367
757 367
758 367
759 367
760 367
761 367
762 367
763 368
764 368
765 368
766 368
767 368
768 368
769 368
770 368
771 368
772 368
773 368
774 368
775 368
776 368
777 368
778 368
779 368
780 368
781 369
781 370
781 371
780 372
779 373
779 374
778 375
777 376
776 377
776 378
775 379
774 380
774 381
773 382
772 383
772 384
771 385
771 386
770 387
770 388
769 389
769 390
769 391
768 392
768 393
767 394
767 395
767 396
767 397
767 398
768 399
768 400
768 401
768 402
767 403
767 404
766 405
766 406
766 407
766 408
766 409
765 410
765 411
765 412
765 413
764 414
764 415
763 416
763 417
763 418
763 419
763 420
763 421
764 422
764 423
765 424
765 425
766 426
766 427
767 428
768 429
769 430
770 431
771 432
772 433
772 434
772 435
773 436
773 437
774 438
774 439
775 440
775 441
776 442
776 443
777 444
777 445
777 446
777 447
776 448
776 449
776 450
776 451
776 452
775 453
775 454
775 455
775 456
774 457
774 458
773 459
772 460
771 461
770 462
769 463
768 464
767 464
766 465
765 465
764 465
763 465
762 465
761 466
760 466
759 467
758 467
757 468
756 469
755 470
754 471
754 472
753 473
753 474
752 475
752 476
751 477
751 478
751 479
751 480
751 481
752 482
752 483
753 484
753 485
754 486
755 487
756 488
757 488
758 489
759 489
759 490
760 491
760 492
759 493
758 492
757 492
756 491
756 490
755 489
755 488
754 487
753 486
752 485
751 485
750 484
749 484
748 483
747 483
746 483
745 483
744 483
743 483
742 484
741 484
740 485
739 485
738 486
737 486
736 487
735 488
734 489
734 490
733 491
733 492
732 493
732 494
732 495
732 496
732 497
732 498
733 499
733 500
734 501
734 502
735 503
736 504
737 505
738 506
739 507
740 508
740 509
740 510
740 511
740 512
740 513
740 514
740 515
740 516
740 517
740 518
741 519
741 520
742 521
742 522
743 523
743 524
744 525
744 526
745 527
745 528
746 529
747 530
747 531
747 532
746 533
745 534
744 535
744 536
743 537
743 538
742 539
742 540
741 541
741 542
741 543
741 544
741 545
742 546
742 547
743 548
743 549
744 550
744 551
745 552
745 553
746 554
746 555
746 556
746 557
745 558
745 559
744 560
744 561
743 562
743 563
743 564
742 565
742 566
742 567
742 568
742 569
743 570
743 571
743 572
744 573
744 574
745 575
745 576
745 577
745 578
746 579
746 580
746 581
747 582
747 583
747 584
748 585
748 586
749 587
749 588
750 589
751 590
751 591
752 592
752 593
752 594
752 595
753 596
753 597
753 598
753 599
754 600
754 601
754 602
754 603
755 604
755 605
756 606
756 607
757 608
758 609
758 610
759 611
759 612
760 613
760 614
761 615
761 616
762 617
762 618
763 619
763 620
764 621
764 622
765 623
765 624
765 625
766 626
766 627
767 628
767 629
768 630
769 631
770 632
771 633
772 634
773 635
773 636
774 637
774 638
775 639
775 640
775 641
776 642
776 643
777 644
777 645
778 646
779 647
779 648
780 649
781 650
781 651
781 652
782 653
782 654
783 655
783 656
784 657
784 658
785 659
785 660
786 661
787 662
788 663
788 664
789 665
790 666
791 667
792 668
793 669
794 670
794 671
795 672
795 673
796 674
796 675
797 676
798 677
799 678
800 679
801 680
802 681
803 682
804 683
805 684
806 685
807 685
808 686
809 686
810 687
810 688
810 689
811 690
811 691
812 692
812 693
813 694
813 695
814 696
814 697
815 698
816 699
817 700
818 701
819 702
820 703
821 703
822 704
823 704
823 705
824 706
825 707
825 708
826 709
826 710
826 711
827 712
827 713
827 714
827 715
827 716
827 717
828 718
828 719
829 720
829 721
829 722
830 723
830 724
831 725
831 726
832 727
832 728
833 729
834 730
835 731
836 732
836 733
837 734
837 735
838 736
838 737
839 738
839 739
840 740
840 741
841 742
841 743
842 744
842 745
843 746
843 747
844 748
844 749
845 750
845 751
845 752
846 753
846 754
846 755
846 756
846 757
845 758
845 759
844 760
843 761
842 761
841 762
840 762
839 763
838 763
837 764
836 765
835 766
835 767
834 768
834 769
833 770
833 771
833 772
833 773
832 774
832 775
832 776
831 777
830 777
829 778
828 778
827 779
826 779
825 780
824 781
823 782
822 783
822 784
821 785
821 786
820 787
820 788
820 789
820 790
819 791
819 792
819 793
818 794
818 795
817 795
816 796
815 796
814 796
813 796
812 796
811 796
810 796
809 796
808 796
807 796
806 796
805 797
804 797
803 798
802 798
801 799
800 800
799 801
799 802
798 803
798 804
797 805
797 806
797 807
797 808
796 808
795 808
794 808
793 809
792 809
791 810
790 810
789 811
788 812
787 813
787 814
786 815
786 816
785 817
784 817
783 817
782 817
781 817
780 817
779 817
778 818
777 818
776 819
775 819
774 820
773 821
772 822
772 823
771 824
771 825
770 826
770 827
770 828
770 829
770 830
770 831
769 832
769 833
769 834
768 835
768 836
767 837
766 838
765 838
764 837
763 836
762 835
761 834
760 833
759 833
758 832
757 832
756 831
755 831
754 831
753 831
752 831
751 831
750 831
749 831
748 832
747 832
746 833
745 833
744 834
743 835
742 836
742 837
741 838
741 839
740 840
740 841
740 842
740 843
740 844
740 845
740 846
740 847
739 848
738 848
737 849
736 849
735 850
734 850
733 851
732 851
731 852
730 852
729 852
728 852
727 851
726 851
725 850
724 850
723 849
722 849
721 849
720 849
719 849
718 849
717 849
716 848
715 848
714 847
713 846
712 845
711 844
710 843
709 842
708 842
707 841
706 841
705 840
704 840
703 840
702 840
701 840
700 840
699 841
698 841
697 841
696 842
695 842
694 842
693 842
692 842
691 842
690 841
689 841
688 841
687 841
686 841
685 841
684 841
683 841
682 841
681 840
680 840
679 840
678 839
677 839
676 839
675 838
674 838
673 838
672 838
671 838
670 839
669 839
668 840
667 840
666 841
665 842
664 843
664 844
663 845
662 845
661 845
660 844
659 843
659 842
658 841
657 840
656 839
655 838
654 837
653 836
652 836
651 835
650 835
649 834
648 834
647 833
646 833
646 832
645 831
644 830
644 829
644 828
644 827
643 826
643 825
643 824
643 823
642 822
642 821
642 820
642 819
641 818
641 817
641 816
640 815
640 814
639 813
639 812
638 811
637 810
636 809
635 808
634 808
633 807
632 807
631 806
630 806
629 805
628 805
627 804
626 803
625 802
625 801
624 800
624 799
623 798
622 797
621 796
620 795
620 794
620 793
620 792
619 791
619 790
619 789
619 788
619 787
618 786
618 785
617 784
617 783
616 782
616 781
615 780
614 779
613 778
612 777
611 777
610 776
609 776
608 775
607 775
606 774
605 774
604 774
603 773
602 773
601 773
600 773
599 772
598 772
597 772
596 772
595 772
594 772
593 772
592 772
591 772
590 772
590 771
590 770
590 769
590 768
590 767
590 766
590 765
589 764
589 763
588 762
588 761
587 760
587 759
586 758
586 757
585 756
584 755
583 754
582 753
581 752
580 751
579 751
578 750
577 750
576 749
575 749
574 748
573 747
572 746
572 745
571 744
570 743
570 742
569 741
569 740
568 739
567 738
567 737
566 736
565 735
564 734
563 734
562 733
561 733
560 732
559 732
558 732
557 732
556 732
555 732
554 732
553 732
553 731
554 730
554 729
555 728
556 727
557 726
557 725
558 724
558 723
559 722
559 721
560 720
560 719
560 718
560 717
560 716
560 715
560 714
559 713
559 712
559 711
559 710
558 709
558 708
558 707
557 706
557 705
556 704
556 703
555 702
554 701
554 700
553 699
553 698
552 697
552 696
551 695
551 694
550 693
550 692
549 691
548 690
547 689
546 688
545 687
544 686
543 685
542 684
542 683
541 682
541 681
540 680
539 679
538 678
537 677
536 676
535 675
534 674
533 674
532 673
531 672
530 672
529 671
528 671
527 670
526 670
525 669
524 669
523 668
522 668
521 667
520 666
519 665
518 664
517 664
516 663
515 663
514 662
513 662
512 661
511 660
510 659
510 658
509 657
509 656
509 655
508 654
508 653
508 652
507 651
507 650
506 649
506 648
505 647
504 646
503 645
502 645
501 644
500 644
499 643
498 643
497 643
496 643
495 643
494 643
493 643
492 643
491 643
490 642
490 641
489 640
488 639
488 638
487 637
487 636
486 635
486 634
486 633
485 632
485 631
484 630
484 629
483 628
482 627
481 626
481 625
480 624
479 623
479 622
478 621
477 620
476 619
475 618
474 618
473 617
472 617
471 616
470 616
469 616
468 616
467 616
466 616
465 616
465 615
465 614
465 613
464 612
464 611
463 610
463 609
462 608
462 607
461 606
460 605
460 604
459 603
458 602
458 601
457 600
456 599
455 598
454 597
454 596
453 595
452 594
451 593
450 592
449 591
448 590
447 589
446 588
445 587
444 586
443 586
442 585
441 584
440 584
439 583
438 583
437 582
436 582
435 581
434 580
433 579
433 578
432 577
431 576
430 575
429 574
428 573
427 572
426 571
425 570
424 569
423 568
422 567
421 567
420 566
419 566
418 565
417 564
416 563
416 562
416 561
416 560
416 559
415 558
415 557
414 556
414 555
413 554
412 553
412 552
411 551
410 550
409 549
408 548
408 547
407 546
406 545
405 544
405 543
404 542
403 541
402 540
401 539
400 538
399 537
398 537
397 536
396 536
395 535
394 535
393 534
392 534
391 533
390 533
389 532
388 531
387 531
386 530
386 529
385 528
385 527
385 526
385 525
385 524
385 523
385 522
385 521
385 520
385 519
384 518
384 517
383 516
383 515
382 514
382 513
381 512
381 511
380 510
380 509
379 508
379 507
378 506
378 505
378 504
378 503
378 502
379 501
379 500
379 499
379 498
379 497
379 496
379 495
379 494
378 493
378 492
378 491
378 490
377 489
377 488
377 487
377 486
376 485
376 484
375 483
375 482
374 481
373 480
372 479
371 478
371 477
371 476
371 475
372 474
372 473
373 472
373 471
373 470
374 469
374 468
374 467
374 466
374 465
374 464
374 463
374 462
374 461
374 460
374 459
374 458
373 457
373 456
372 455
372 454
372 453
371 452
371 451
370 450
370 449
369 448
369 447
368 446
368 445
367 444
366 443
365 442
365 441
364 440
364 439
364 438
364 437
364 436
364 435
363 434
363 433
363 432
363 431
363 430
363 429
363 428
363 427
363 426
363 425
363 424
363 423
364 422
364 421
365 420
365 419
366 418
366 417
366 416
366 415
366 414
366 413
366 412
366 411
366 410
366 409
366 408
366 407
366 406
366 405
366 404
366 403
365 402
365 401
364 400
364 399
364 398
364 397
363 396
363 395
363 394
363 393
363 392
363 391
363 390
363 389
363 388
363 387
362 386
362 385
362 384
362 383
362 382
362 381
362 380
362 379
363 378
363 377
363 376
363 375
363 374
364 373
364 372
364 371
364 370
364 369
364 368
364 367
364 366
364 365
364 364
364 363
364 362
364 361
364 360
364 359
364 358
364 357
364 356
364 355
364 354
364 353
364 352
364 351
364 350
364 349
363 348
363 347
363 346
362 345
362 344
362 343
363 342
363 341
364 340
365 339
366 338
366 337
367 336
368 335
368 334
369 333
370 332
371 331
372 330
372 329
373 328
373 327
374 326
374 325
375 324
375 323
375 322
375 321
375 320
375 319
375 318
375 317
375 316
374 315
374 314
373 313
373 312
372 311
371 310
370 309
370 308
370 307
371 307
372 308
373 308
374 308
375 308
376 308
377 308
378 308
379 307
380 307
381 307
382 307
383 306
384 306
385 306
386 306
387 306
388 305
389 305
390 304
391 304
392 303
393 302
394 301
395 300
396 299
397 298
397 297
398 296
398 295
399 294
399 293
399 292
400 291
400 290
401 289
402 289
403 289
404 288
405 288
406 287
407 287
408 286
409 285
410 284
411 283
411 282
412 281
412 280
413 279
413 278
413 277
414 276
414 275
414 274
415 273
415 272
415 271
415 270
415 269
414 268
414 267
414 266
414 265
414 264
414 263
414 262
414 261
414 260
414 259
414 258
415 257
416 256
417 255
418 254
419 253
420 252
421 252
422 251
423 250
424 249
425 248
426 247
427 246
428 245
429 244
429 243
430 243
431 242
432 241
433 240
434 240
435 239
436 238
437 238
438 237
439 236
440 235
441 235
442 234
443 233
444 233
445 233
446 232
447 232
448 233
449 233
450 233
451 233
452 234
453 234
454 235
455 235
456 235
457 236
458 236
459 237
460 237
461 238
462 238
463 238
464 238
465 238
466 238
467 238
468 238
469 238
470 238
471 238
472 237
473 237
474 237
475 237
476 237
477 237
478 237
479 237
480 237
481 237
482 237
483 237
484 237
485 237
486 237
487 238
488 238
489 238
490 239
491 239
492 239
493 239
494 239
495 239
496 239
497 239
498 239
499 239
500 239
501 239
502 239
503 239
504 239
505 240
506 240
507 241
508 241
509 241
510 241
511 241
512 241
513 241
514 241
515 240
516 240
517 240
518 240
519 239
520 239
521 239
522 239
523 239
524 238
525 238
526 238
527 238
528 238
529 237
530 237
531 237
532 237
533 237
534 237
535 237
536 237
537 237
538 237
539 237
540 238
541 238
542 238
543 239
544 239
545 239
546 240
547 240
548 240
549 240
550 240
551 241
552 241
553 241
554 241
555 241
556 241
557 240
558 240
559 240
560 240
561 240
562 239
563 239
564 238
565 238
566 237
567 237
568 236
569 235
570 235
571 234
572 233
573 232
574 232
575 231
576 230
577 229
578 228
579 228
580 227
581 227
582 226
583 226
584 225
585 225
586 224
587 224
588 224
589 223
590 223
591 223
592 223