778 101
779 102
780 102
781 103
782 104
782 105
783 106
783 107
782 108
782 109
782 110
782 111
781 112
780 113
779 114
778 114
777 114
776 115
775 115
774 115
773 115
772 115
771 115
770 115
769 115
768 115
767 115
766 115
765 115
764 115
763 116
762 116
761 117
760 117
759 118
758 119
757 120
757 121
756 122
756 123
755 124
755 125
755 126
755 127
755 128
755 129
755 130
755 131
755 132
755 133
755 134
754 135
754 136
754 137
754 138
754 139
754 140
754 141
754 142
754 143
755 144
755 145
756 146
756 147
757 148
758 149
759 150
759 151
760 152
761 153
762 154
763 155
764 156
765 157
766 158
767 158
768 159
769 159
770 160
771 160
772 161
773 161
774 161
775 161
776 161
777 161
778 161
779 160
780 160
781 159
782 159
783 158
784 158
785 157
786 157
787 156
788 155
789 154
790 153
791 152
792 151
793 150
794 149
795 148
796 147
797 147
798 147
799 147
800 147
801 148
801 149
801 150
801 151
801 152
801 153
800 154
800 155
799 156
798 157
798 158
797 159
797 160
796 161
796 162
795 163
795 164
795 165
794 166
794 167
794 168
794 169
794 170
794 171
794 172
794 173
794 174
794 175
795 176
795 177
794 178
794 179
793 180
792 181
791 182
791 183
790 184
790 185
789 186
789 187
789 188
789 189
789 190
790 191
790 192
790 193
790 194
790 195
790 196
791 197
791 198
792 199
792 200
793 201
793 202
794 203
795 204
796 205
797 206
797 207
798 208
798 209
798 210
798 211
799 212
799 213
799 214
799 215
799 216
800 217
800 218
800 219
800 220
801 221
801 222
801 223
802 224
802 225
803 226
803 227
803 228
803 229
804 230
804 231
804 232
805 233
805 234
806 235
806 236
807 237
807 238
808 239
808 240
809 241
810 242
810 243
811 244
812 245
813 246
814 247
814 248
815 249
815 250
815 251
815 252
815 253
815 254
815 255
814 256
814 257
814 258
814 259
814 260
813 261
813 262
813 263
813 264
813 265
813 266
813 267
813 268
814 269
814 270
814 271
814 272
814 273
815 274
815 275
815 276
815 277
815 278
815 279
816 280
816 281
816 282
816 283
817 284
817 285
817 286
817 287
816 288
816 289
816 290
815 291
815 292
815 293
815 294
815 295
815 296
815 297
815 298
815 299
816 300
816 301
817 302
817 303
818 304
819 305
820 306
821 307
822 307
823 308
824 308
825 309
825 310
825 311
825 312
825 313
825 314
825 315
824 316
824 317
824 318
824 319
823 320
823 321
822 322
822 323
822 324
821 325
821 326
821 327
821 328
821 329
821 330
821 331
821 332
821 333
821 334
821 335
821 336
822 337
822 338
823 339
823 340
824 341
825 342
826 343
827 343
828 344
829 344
830 345
831 345
832 345
833 345
833 346
832 347
832 348
831 349
830 350
829 351
828 352
828 353
827 354
827 355
826 356
826 357
825 358
825 359
825 360
825 361
825 362
825 363
825 364
825 365
825 366
825 367
826 368
826 369
827 370
827 371
828 372
828 373
829 374
829 375
830 376
830 377
830 378
830 379
830 380
829 381
829 382
829 383
829 384
828 385
828 386
828 387
827 388
827 389
826 390
826 391
826 392
826 393
826 394
827 395
827 396
828 397
828 398
828 399
828 400
828 401
827 402
827 403
826 404
826 405
826 406
826 407
826 408
826 409
826 410
826 411
826 412
826 413
826 414
825 415
825 416
824 417
824 418
824 419
823 420
823 421
823 422
823 423
822 424
822 425
822 426
822 427
822 428
822 429
822 430
822 431
822 432
823 433
823 434
823 435
824 436
824 437
824 438
825 439
825 440
825 441
826 442
826 443
826 444
827 445
827 446
827 447
826 448
825 449
825 450
824 451
824 452
823 453
823 454
823 455
823 456
823 457
823 458
823 459
822 460
822 461
822 462
822 463
822 464
822 465
822 466
823 467
823 468
824 469
824 470
825 471
826 472
827 473
828 473
829 474
830 474
831 475
832 475
833 475
834 475
835 475
836 475
837 475
838 476
838 477
838 478
837 479
837 480
836 480
835 481
834 482
833 483
832 483
831 484
830 485
829 486
828 487
827 488
826 489
825 490
825 491
824 492
824 493
823 494
823 495
823 496
823 497
823 498
823 499
823 500
823 501
823 502
824 503
824 504
824 505
824 506
824 507
823 508
823 509
822 510
822 511
822 512
822 513
822 514
822 515
822 516
823 517
823 518
823 519
822 520
821 521
820 521
819 521
818 522
817 522
816 523
815 523
814 524
813 525
812 526
811 527
811 528
810 529
810 530
809 531
809 532
809 533
808 534
807 534
806 534
805 534
804 534
803 534
802 534
801 534
800 534
799 534
798 534
797 535
796 535
795 536
794 536
793 537
792 537
791 538
790 539
789 540
788 541
788 542
787 543
787 544
786 545
786 546
786 547
786 548
786 549
786 550
787 551
787 552
788 553
788 554
789 555
789 556
789 557
789 558
789 559
789 560
788 561
788 562
787 563
786 564
786 565
785 566
784 567
783 568
782 569
781 570
780 571
779 572
778 573
777 574
776 575
776 576
775 577
775 578
774 579
774 580
774 581
773 582
773 583
773 584
773 585
773 586
773 587
772 588
772 589
771 590
771 591
770 592
770 593
770 594
770 595
770 596
770 597
770 598
771 599
771 600
772 601
772 602
773 603
774 604
774 605
774 606
774 607
774 608
775 609
775 610
776 611
776 612
777 613
778 614
779 615
780 616
781 617
782 618
783 619
784 620
784 621
785 622
786 623
787 624
787 625
788 626
788 627
788 628
788 629
787 630
786 631
785 631
784 632
783 632
782 632
781 632
780 632
779 633
778 633
777 633
776 633
775 633
774 633
773 633
772 633
771 633
770 633
769 634
768 634
767 635
766 635
765 636
764 636
763 637
762 638
761 638
760 638
759 638
758 638
757 637
756 637
755 637
754 637
753 637
752 638
751 638
750 639
749 639
748 640
747 641
746 642
745 643
745 644
744 645
743 646
743 647
742 648
741 649
741 650
740 651
739 652
738 653
738 654
737 655
737 656
736 657
736 658
735 659
734 660
734 661
733 662
732 663
731 664
731 665
730 666
729 667
729 668
728 669
727 670
726 670
725 671
724 671
723 672
722 672
721 673
720 673
719 674
718 675
717 676
716 677
716 678
715 679
715 680
714 681
714 682
714 683
713 684
713 685
712 686
712 687
712 688
711 689
711 690
710 691
710 692
709 693
709 694
708 695
708 696
707 697
707 698
706 699
705 699
704 700
703 701
702 702
702 703
701 704
701 705
700 706
700 707
700 708
700 709
700 710
700 711
700 712
700 713
700 714
700 715
700 716
700 717
700 718
700 719
700 720
700 721
700 722
700 723
701 724
701 725
702 726
702 727
703 728
704 729
705 730
705 731
705 732
705 733
704 734
704 735
703 736
703 737
702 738
702 739
701 740
701 741
701 742
701 743
701 744
702 745
702 746
703 747
703 748
704 749
704 750
705 751
706 752
707 753
708 754
708 755
709 756
710 757
710 758
711 759
711 760
711 761
710 762
709 763
708 763
707 763
706 763
705 764
704 764
703 764
702 763
701 763
700 763
699 763
698 763
697 763
696 764
695 764
694 765
693 765
692 766
691 767
690 767
689 768
688 769
687 769
686 770
685 770
684 770
683 771
682 771
681 771
680 771
679 772
678 772
677 772
676 772
675 772
674 773
673 773
672 774
671 774
670 775
669 776
668 777
667 778
667 779
666 780
666 781
665 782
665 783
665 784
665 785
665 786
665 787
666 788
666 789
666 790
666 791
667 792
667 793
668 794
668 795
669 796
669 797
669 798
670 799
669 799
668 798
667 797
666 796
665 796
664 795
663 794
662 794
661 793
660 793
659 792
658 792
657 792
656 792
655 792
654 792
653 793
652 793
651 794
650 794
649 795
648 796
647 797
646 798
645 799
644 800
643 801
642 802
642 803
641 804
640 805
639 805
638 806
637 807
636 807
635 808
634 808
633 808
632 807
631 807
630 806
629 806
628 806
627 806
626 806
625 807
624 807
623 808
622 808
621 809
620 810
619 810
618 811
617 811
616 812
615 811
615 810
615 809
614 808
614 807
614 806
613 805
613 804
612 803
612 802
611 801
610 800
610 799
609 798
608 797
608 796
607 795
606 794
605 793
604 793
603 792
602 792
601 791
600 791
599 791
598 791
597 791
596 791
595 792
594 792
593 793
592 793
591 794
590 794
589 794
588 794
587 795
586 795
585 796
584 796
583 797
582 797
581 798
580 798
579 799
578 800
577 801
576 802
575 803
574 804
573 805
573 806
572 807
572 808
571 809
571 810
570 811
570 812
569 813
569 814
568 815
568 816
567 817
566 818
565 819
565 820
564 821
564 822
563 823
563 824
562 825
562 826
562 827
561 828
561 829
560 830
560 831
559 832
559 833
558 834
557 835
556 836
555 836
554 837
553 837
552 838
551 838
550 838
549 838
548 837
547 837
546 837
545 837
544 837
543 837
542 837
541 838
540 838
539 839
538 839
537 840
536 841
535 842
534 843
533 844
532 845
531 846
530 847
529 848
528 849
527 850
527 851
526 852
525 852
524 853
523 854
522 854
521 855
520 856
519 857
519 858
518 859
517 860
516 861
515 862
514 863
513 864
512 865
511 866
511 867
510 868
510 869
509 870
509 871
508 872
507 873
507 874
506 874
505 875
504 876
503 877
502 878
501 879
500 880
499 881
498 882
497 883
496 884
495 885
494 886
493 887
492 888
491 888
490 889
489 890
488 890
487 891
486 892
485 893
485 894
484 895
483 896
483 897
482 898
481 899
480 900
479 901
478 902
477 903
477 904
476 905
476 906
475 907
475 908
474 909
474 910
473 911
472 912
471 913
470 914
469 915
468 916
467 917
467 918
466 919
465 920
464 921
464 922
463 923
462 924
461 925
460 925
459 926
458 927
457 927
456 928
455 929
454 930
453 930
452 931
451 932
450 932
449 933
448 934
447 935
447 936
446 937
445 938
445 939
444 940
443 940
442 939
441 939
440 938
439 938
438 938
437 938
436 938
435 939
434 939
433 940
432 940
431 941
430 942
429 943
428 944
428 945
427 946
427 947
426 948
426 949
425 950
425 951
425 952
424 953
424 954
423 955
423 956
422 957
421 958
420 959
419 960
419 959
419 958
419 957
420 956
420 955
421 954
422 953
422 952
423 951
423 950
424 949
424 948
425 947
425 946
426 945
426 944
426 943
427 942
427 941
427 940
428 939
429 938
429 937
430 936
430 935
431 934
431 933
431 932
431 931
431 930
431 929
431 928
430 927
430 926
429 925
429 924
428 923
427 922
426 921
425 921
424 920
423 920
422 919
421 919
420 919
419 919
418 919
417 919
416 919
415 920
414 920
413 921
412 921
411 922
410 923
409 924
408 925
407 926
407 925
407 924
407 923
407 922
407 921
406 920
406 919
405 918
405 917
404 916
403 915
402 914
401 914
400 913
399 913
399 912
398 911
397 910
396 909
395 909
394 908
393 908
392 907
391 907
390 907
389 907
388 907
387 908
386 908
385 909
384 909
383 910
382 910
382 909
382 908
382 907
383 906
383 905
384 904
384 903
385 902
385 901
386 900
386 899
386 898
386 897
386 896
386 895
386 894
385 893
385 892
384 891
384 890
383 889
382 888
382 887
381 886
381 885
380 884
380 883
380 882
380 881
380 880
380 879
379 878
379 877
378 876
378 875
377 874
376 873
376 872
376 871
375 870
375 869
375 868
374 867
374 866
374 865
374 864
374 863
374 862
374 861
374 860
374 859
374 858
374 857
374 856
374 855
374 854
373 853
373 852
372 851
372 850
372 849
371 848
371 847
371 846
371 845
370 844
370 843
369 842
369 841
369 840
369 839
368 838
368 837
369 836
369 835
369 834
370 833
370 832
370 831
370 830
371 829
371 828
371 827
371 826
371 825
371 824
371 823
371 822
370 821
370 820
369 819
369 818
368 817
368 816
367 815
366 814
366 813
366 812
366 811
366 810
366 809
366 808
366 807
366 806
366 805
366 804
366 803
366 802
365 801
365 800
365 799
365 798
364 797
364 796
363 795
363 794
363 793
362 792
362 791
362 790
362 789
362 788
362 787
362 786
361 785
361 784
360 783
360 782
359 781
358 780
357 779
357 778
356 777
356 776
356 775
356 774
355 773
355 772
354 771
354 770
353 769
352 768
351 767
350 767
349 766
349 765
349 764
350 763
350 762
351 761
352 760
353 759
354 758
355 757
356 756
357 755
358 754
359 753
360 752
361 751
362 750
363 749
364 748
364 747
365 746
366 745
366 744
367 743
367 742
368 741
368 740
368 739
368 738
368 737
368 736
368 735
368 734
368 733
367 732
367 731
366 730
366 729
365 728
364 727
364 726
363 725
363 724
364 723
365 722
366 721
367 721
368 720
369 720
370 719
371 718
372 717
373 716
373 715
374 714
375 713
375 712
376 711
377 710
377 709
378 708
378 707
379 706
379 705
380 704
380 703
380 702
381 701
381 700
382 699
382 698
383 697
383 696
383 695
384 694
384 693
384 692
384 691
384 690
384 689
383 688
383 687
382 686
382 685
381 684
380 683
380 682
379 681
379 680
379 679
379 678
379 677
380 676
380 675
380 674
380 673
380 672
380 671
380 670
380 669
379 668
379 667
378 666
378 665
377 664
376 663
376 662
376 661
376 660
375 659
375 658
375 657
375 656
375 655
374 654
374 653
374 652
374 651
374 650
373 649
373 648
373 647
372 646
372 645
371 644
371 643
371 642
372 641
372 640
373 639
373 638
374 637
374 636
374 635
375 634
375 633
375 632
376 631
376 630
377 629
378 628
379 627
380 626
380 625
381 624
382 623
383 623
384 622
385 621
386 620
387 619
387 618
388 617
388 616
389 615
389 614
389 613
389 612
389 611
389 610
388 609
388 608
387 607
387 606
386 605
386 604
385 603
385 602
385 601
386 600
387 600
388 600
389 600
390 599
391 599
392 598
393 598
394 597
395 596
396 595
397 594
398 593
399 593
400 593
401 592
402 592
403 592
404 591
405 591
406 591
407 591
408 591
409 591
410 591
411 591
412 591
413 592
414 592
415 592
416 592
417 592
418 592
419 592
420 591
421 591
422 590
423 590
424 589
425 588
426 587
426 586
427 585
427 584
428 583
428 582
429 581
429 580
430 579
430 578
431 577
431 576
431 575
432 574
433 573
434 572
435 572
436 571
437 570
438 569
439 568
440 567
440 566
441 565
441 564
442 563
442 562
442 561
442 560
443 559
443 558
443 557
443 556
443 555
443 554
443 553
444 552
444 551
444 550
444 549
444 548
444 547
444 546
444 545
444 544
444 543
444 542
444 541
444 540
444 539
444 538
444 537
444 536
444 535
444 534
444 533
444 532
444 531
444 530
444 529
444 528
444 527
444 526
444 525
444 524
444 523
444 522
444 521
444 520
444 519
444 518
444 517
444 516
444 515
444 514
444 513
444 512
444 511
443 510
443 509
443 508
443 507
443 506
442 505
442 504
442 503
441 502
441 501
440 500
440 499
439 498
439 497
438 496
438 495
438 494
437 493
437 492
437 491
437 490
437 489
437 488
438 487
438 486
439 485
440 484
441 484
442 484
443 483
444 483
445 482
446 482
447 481
448 480
449 479
450 478
450 477
451 476
451 475
452 474
452 473
452 472
452 471
452 470
452 469
452 468
453 467
453 466
453 465
453 464
453 463
453 462
453 461
453 460
453 459
453 458
453 457
453 456
453 455
453 454
453 453
453 452
453 451
453 450
453 449
454 448
454 447
454 446
454 445
455 444
455 443
456 442
456 441
457 440
457 439
458 438
459 438
459 439
460 440
461 441
462 442
463 443
464 443
465 444
466 444
467 445
468 445
469 445
470 445
471 445
472 444
473 444
474 443
475 443
476 442
477 441
478 440
478 439
479 438
479 437
480 436
480 435
481 434
482 433
483 432
484 432
485 432
486 433
487 433
488 434
489 434
490 434
491 434
492 434
493 433
494 433
495 432
496 432
497 431
498 431
499 430
500 430
501 429
502 429
503 428
504 428
505 427
506 427
507 426
508 425
509 424
510 423
510 422
511 421
512 420
513 419
513 418
514 417
515 416
516 415
516 414
517 413
517 412
518 411
518 410
519 409
519 408
520 407
520 406
521 405
521 404
522 403
522 402
522 401
522 400
523 399
523 398
523 397
523 396
523 395
524 394
524 393
524 392
525 391
525 390
526 389
527 388
528 387
529 386
530 385
531 384
531 383
532 382
532 381
533 380
533 379
534 378
534 377
535 376
535 375
535 374
536 373
536 372
536 371
537 370
537 369
538 368
538 367
539 366
539 365
540 364
540 363
540 362
540 361
540 360
540 359
540 358
540 357
540 356
541 355
541 354
542 353
543 352
544 351
544 350
545 349
546 348
547 347
548 346
549 345
550 344
551 343
552 342
552 341
553 340
553 339
554 338
555 337
556 336
556 335
557 334
557 333
558 332
558 331
558 330
558 329
559 328
559 327
560 326
561 325
562 325
563 324
564 323
565 322
566 321
567 320
568 319
568 318
569 317
570 316
570 315
571 314
571 313
572 312
572 311
572 310
573 309
573 308
573 307
574 306
574 305
574 304
575 303
575 302
575 301
576 300
576 299
576 298
576 297
577 296
577 295
577 294
577 293
578 292
578 291
578 290
578 289
578 288
578 287
578 286
578 285
578 284
578 283
578 282
578 281
578 280
577 279
577 278
578 277
578 276
579 275
579 274
580 273
580 272
581 271
581 270
582 269
582 268
582 267
582 266
582 265
583 264
583 263
583 262
583 261
584 260
584 259
585 258
585 257
586 256
587 255
587 254
588 253
588 252
589 251
589 250
589 249
589 248
589 247
589 246
589 245
590 244
590 243
591 242
591 241
591 240
592 239
592 238
593 237
593 236
593 235
593 234
593 233
593 232
593 231
593 230
593 229
593 228
593 227
593 226
593 225
593 224
593 223
594 222
595 222
596 222
597 222
598 222
599 222
600 222
601 222
602 222
603 221
604 221
605 221
606 221
607 220
608 220
609 219
610 219
611 218
612 218
613 217
614 216
615 215
616 214
617 213
618 212
619 211
620 210
620 209
621 208
622 207
623 206
624 205
625 205
626 204
627 204
628 203
629 203
630 202
631 202
632 201
633 201
634 200
635 199
636 198
637 197
637 196
638 195
639 194
640 193
641 192
642 191
642 190
643 189
643 188
644 187
644 186
644 185
645 184
645 183
645 182
646 181
646 180
646 179
646 178
646 177
646 176
647 175
647 174
648 173
649 172
650 172
651 171
652 171
653 170
654 170
655 170
656 170
657 170
658 170
659 170
660 170
661 170
662 170
663 170
664 170
665 169
666 169
667 168
668 168
669 167
670 167
671 166
672 166
673 165
674 164
675 164
676 163
677 162
678 161
679 160
680 159
681 158
682 157
683 156
683 155
684 154
684 153
685 152
685 151
685 150
685 149
685 148
685 147
686 146
687 146
688 147
689 147
690 148
691 148
692 149
693 149
694 150
695 150
696 150
697 150
698 150
699 150
700 150
701 150
702 149
703 149
704 148
705 148
706 147
707 146
708 145
709 144
710 143
711 143
712 142
713 142
714 141
715 140
716 140
717 139
718 138
719 137
720 136
721 135
722 134
723 133
724 132
725 132
726 131
727 131
728 130
729 130
730 129
731 128
732 127
732 126
733 125
733 124
734 123
734 122
734 121
734 120
734 119
734 118
734 117
734 116
734 115
734 114
735 113
736 112
737 111
738 111
739 110
740 109
741 109
742 109
743 108
744 108
745 108
746 108
747 108
748 107
749 107
750 106
751 106
752 105
753 104
754 104
755 103
756 103
757 103
758 103
759 103
760 103
761 102
762 103
763 103
764 103
765 103
766 103
767 103
768 103
769 103
770 103
771 102
772 102
773 102
774 102
775 102
776 101
777 101