526 151
527 152
528 152
529 153
530 153
531 154
532 155
533 156
533 157
534 158
534 159
535 160
535 161
535 162
536 163
536 164
537 165
537 166
537 167
537 168
538 169
538 170
538 171
539 172
539 173
540 174
540 175
541 176
541 177
542 178
543 179
544 180
544 181
545 182
545 183
545 184
546 185
546 186
546 187
546 188
546 189
546 190
547 191
547 192
547 193
547 194
547 195
548 196
548 197
548 198
549 199
549 200
550 201
550 202
551 203
551 204
552 205
552 206
553 207
553 208
554 209
554 210
555 211
555 212
556 213
557 214
557 215
558 216
559 217
559 218
560 219
561 220
562 221
563 222
564 223
565 223
566 224
567 225
568 226
569 227
570 228
571 228
572 229
572 230
573 231
573 232
574 233
575 234
576 235
577 236
577 237
578 238
579 239
580 240
580 241
581 242
582 243
583 244
584 245
585 246
586 247
587 247
588 248
589 248
590 249
591 249
592 250
593 250
594 250
595 251
596 251
597 252
598 252
599 253
600 253
601 254
602 254
603 255
604 256
605 257
606 258
607 259
608 260
609 261
610 261
611 262
612 262
613 263
614 263
615 264
616 264
617 264
618 264
619 265
620 265
621 266
622 267
623 268
624 269
625 269
626 270
627 270
628 271
629 271
630 271
631 272
632 273
632 274
632 275
632 276
632 277
632 278
631 279
631 280
631 281
631 282
631 283
631 284
631 285
631 286
632 287
632 288
632 289
632 290
633 291
633 292
634 293
634 294
635 295
635 296
636 297
636 298
637 299
638 300
639 301
639 302
640 303
640 304
640 305
641 306
641 307
641 308
642 309
642 310
643 311
643 312
644 313
644 314
645 315
645 316
646 317
646 318
646 319
646 320
647 321
647 322
647 323
647 324
648 325
648 326
649 327
649 328
650 329
651 330
652 331
653 332
654 332
655 333
656 333
656 334
657 335
657 336
657 337
657 338
657 339
657 340
657 341
657 342
657 343
657 344
656 345
656 346
656 347
656 348
656 349
656 350
657 351
657 352
658 353
658 354
659 355
659 356
660 357
661 358
661 359
661 360
662 361
662 362
662 363
662 364
663 365
663 366
664 367
664 368
664 369
665 370
665 371
665 372
665 373
666 374
666 375
667 376
667 377
668 378
669 379
670 380
671 381
672 382
673 383
674 384
674 385
674 386
675 387
675 388
675 389
676 390
676 391
677 392
677 393
678 394
679 395
680 396
681 397
682 398
683 398
684 399
685 399
686 400
687 400
688 401
689 402
690 402
690 403
691 404
692 405
693 406
694 407
694 408
695 409
695 410
696 411
696 412
697 413
697 414
698 415
699 416
700 417
701 417
702 418
703 418
704 419
705 419
706 419
707 420
708 421
709 422
710 423
711 424
712 425
712 426
712 427
712 428
713 429
713 430
713 431
713 432
713 433
713 434
713 435
712 436
712 437
712 438
712 439
712 440
712 441
713 442
713 443
714 444
714 445
715 446
716 447
717 448
718 449
719 449
720 450
721 450
722 451
723 452
724 453
724 454
724 455
724 456
723 457
723 458
723 459
723 460
723 461
723 462
723 463
723 464
723 465
722 466
722 467
722 468
721 469
721 470
721 471
720 472
720 473
720 474
720 475
720 476
720 477
720 478
720 479
720 480
720 481
720 482
720 483
720 484
720 485
721 486
721 487
721 488
721 489
721 490
721 491
721 492
720 493
720 494
719 495
719 496
719 497
719 498
719 499
719 500
719 501
719 502
719 503
719 504
719 505
718 506
718 507
718 508
717 509
717 510
716 511
715 512
714 513
713 514
712 515
712 516
711 517
711 518
710 519
710 520
710 521
710 522
710 523
710 524
710 525
710 526
709 527
709 528
708 529
708 530
707 531
707 532
707 533
707 534
707 535
707 536
707 537
707 538
707 539
707 540
707 541
708 542
708 543
709 544
709 545
710 546
710 547
711 548
712 549
713 550
714 551
714 552
715 553
715 554
715 555
715 556
715 557
714 558
714 559
713 560
713 561
713 562
713 563
713 564
713 565
713 566
713 567
713 568
713 569
712 570
712 571
711 572
711 573
711 574
710 575
710 576
710 577
710 578
710 579
710 580
710 581
710 582
710 583
710 584
711 585
711 586
712 587
712 588
713 589
713 590
714 591
714 592
715 593
715 594
716 595
716 596
717 597
717 598
717 599
718 600
718 601
719 602
719 603
720 604
720 605
721 606
722 607
723 608
724 608
725 609
726 609
727 610
728 610
729 611
730 611
731 612
731 613
731 614
730 615
729 616
728 617
727 618
726 619
725 620
725 621
724 622
724 623
723 624
723 625
722 626
721 627
720 628
720 629
719 630
719 631
718 632
718 633
718 634
717 635
717 636
717 637
717 638
716 639
716 640
716 641
716 642
716 643
716 644
716 645
716 646
716 647
716 648
715 649
715 650
715 651
715 652
715 653
715 654
714 655
714 656
714 657
714 658
714 659
714 660
715 661
715 662
715 663
716 664
716 665
717 666
717 667
718 668
718 669
719 670
719 671
719 672
719 673
719 674
720 675
720 676
720 677
720 678
720 679
720 680
720 681
720 682
720 683
720 684
720 685
720 686
720 687
720 688
720 689
721 690
721 691
721 692
720 693
720 694
720 695
720 696
719 697
719 698
718 699
718 700
718 701
718 702
718 703
718 704
719 705
719 706
719 707
719 708
719 709
719 710
719 711
719 712
718 713
718 714
718 715
718 716
718 717
718 718
718 719
718 720
718 721
719 722
719 723
719 724
719 725
720 726
720 727
720 728
721 729
721 730
722 731
722 732
722 733
723 734
723 735
723 736
722 737
721 738
720 738
719 739
718 740
717 741
716 742
715 743
715 744
714 745
714 746
713 747
713 748
713 749
713 750
713 751
713 752
713 753
713 754
713 755
714 756
714 757
714 758
714 759
714 760
714 761
714 762
714 763
714 764
714 765
713 766
712 766
711 767
710 768
709 769
708 770
707 771
706 772
705 773
704 774
703 774
702 775
701 775
700 776
699 776
698 777
697 777
696 778
695 778
694 779
693 780
692 781
692 782
691 783
691 784
690 785
690 786
690 787
690 788
690 789
690 790
690 791
690 792
690 793
690 794
690 795
690 796
690 797
690 798
690 799
689 800
689 801
689 802
688 803
688 804
688 805
687 806
687 807
686 808
686 809
685 810
685 811
685 812
684 813
684 814
683 815
683 816
683 817
682 818
682 819
682 820
682 821
682 822
682 823
682 824
682 825
682 826
682 827
682 828
682 829
683 830
683 831
683 832
683 833
684 834
684 835
684 836
684 837
684 838
685 839
685 840
685 841
686 842
686 843
687 844
687 845
688 846
688 847
688 848
688 849
688 850
688 851
688 852
688 853
688 854
688 855
688 856
687 857
687 858
686 859
686 860
685 861
684 862
683 863
682 864
681 865
681 866
680 867
680 868
679 869
679 870
679 871
679 872
679 873
679 874
679 875
679 876
679 877
679 878
679 879
679 880
679 881
679 882
679 883
679 884
678 885
678 886
678 887
677 887
676 887
675 886
674 885
673 884
672 883
671 882
670 882
669 881
668 880
667 879
666 878
665 877
664 876
663 875
662 875
661 874
660 873
659 872
658 871
657 871
656 870
655 869
654 868
653 867
652 866
651 865
650 864
649 863
648 862
647 861
646 860
646 859
645 858
645 857
645 856
645 855
644 854
644 853
644 852
643 851
643 850
643 849
642 848
642 847
642 846
641 845
641 844
641 843
640 842
640 841
640 840
640 839
639 838
639 837
639 836
639 835
639 834
638 833
638 832
638 831
637 830
637 829
636 828
636 827
635 826
634 825
633 824
632 823
631 823
630 822
629 821
628 820
627 820
626 819
626 818
625 817
624 816
623 815
622 815
621 814
620 814
619 813
618 813
617 813
616 813
615 813
614 814
613 814
612 815
611 815
610 816
609 817
608 818
608 819
607 820
606 821
605 822
604 822
603 822
602 822
601 822
600 823
599 823
598 823
597 824
596 824
595 825
594 825
593 826
592 827
591 827
590 828
589 828
588 829
587 829
586 829
585 830
584 830
583 830
582 830
581 830
580 830
579 829
578 829
577 829
576 828
575 827
574 827
573 826
572 825
571 824
570 823
569 822
568 822
567 821
566 821
565 820
564 820
563 819
562 819
561 818
560 818
559 817
558 816
557 815
556 814
555 813
554 813
553 812
552 812
551 811
550 811
549 811
548 811
547 811
546 811
545 810
544 809
544 808
544 807
544 806
544 805
543 804
543 803
543 802
542 801
542 800
541 799
541 798
540 797
540 796
539 795
539 794
539 793
539 792
539 791
539 790
539 789
539 788
539 787
539 786
539 785
538 784
538 783
537 782
537 781
536 780
536 779
535 778
534 777
534 776
533 775
532 774
531 773
530 772
529 771
529 770
528 769
527 768
527 767
526 766
526 765
525 764
524 763
523 762
522 761
521 760
520 760
519 759
518 759
517 758
516 758
515 757
514 757
513 756
512 756
511 755
510 755
509 755
508 754
507 754
506 754
505 753
504 753
503 752
502 751
502 750
501 749
501 748
501 747
500 746
500 745
499 744
499 743
498 742
498 741
497 740
497 739
496 738
496 737
495 736
495 735
494 734
494 733
493 732
492 731
491 730
490 729
489 729
488 728
487 728
486 727
485 727
484 727
483 727
482 726
481 725
481 724
482 723
482 722
483 721
483 720
483 719
483 718
483 717
482 716
482 715
481 714
481 713
481 712
481 711
481 710
481 709
482 708
483 707
484 706
485 705
486 704
487 703
487 702
488 701
488 700
489 699
489 698
489 697
489 696
489 695
489 694
489 693
489 692
489 691
489 690
489 689
489 688
488 687
488 686
487 685
487 684
486 683
486 682
485 681
484 680
483 679
483 678
482 677
482 676
481 675
481 674
480 673
479 672
479 671
478 670
478 669
478 668
477 667
477 666
477 665
477 664
477 663
477 662
478 661
478 660
479 659
479 658
480 657
481 656
482 656
483 655
484 655
485 654
486 654
487 653
488 652
489 651
490 650
490 649
491 648
491 647
492 646
492 645
492 644
492 643
492 642
492 641
492 640
492 639
492 638
493 637
493 636
494 635
495 634
496 633
497 633
498 632
499 632
500 631
501 631
502 631
503 630
504 630
505 629
506 629
507 628
508 627
509 626
510 625
510 624
511 623
511 622
512 621
512 620
512 619
512 618
512 617
512 616
512 615
512 614
512 613
512 612
512 611
512 610
512 609
512 608
512 607
511 606
511 605
510 604
510 603
509 602
509 601
508 600
508 599
507 598
506 597
506 596
505 595
505 594
505 593
504 592
504 591
503 590
503 589
502 588
502 587
501 586
500 585
500 584
499 583
498 582
498 581
497 580
497 579
496 578
496 577
496 576
495 575
495 574
495 573
495 572
495 571
495 570
495 569
495 568
495 567
495 566
495 565
495 564
495 563
494 562
494 561
493 560
493 559
492 558
491 557
490 556
489 556
488 555
487 555
486 554
485 554
484 554
483 553
482 552
481 551
480 550
480 549
480 548
480 547
480 546
480 545
480 544
480 543
481 542
482 541
483 540
483 539
484 538
484 537
485 536
485 535
485 534
485 533
485 532
484 531
484 530
484 529
484 528
483 527
483 526
483 525
483 524
482 523
482 522
482 521
481 520
481 519
481 518
480 517
480 516
480 515
480 514
481 513
482 512
483 512
484 511
485 511
486 511
487 511
488 511
489 511
490 511
491 511
492 511
493 510
494 510
495 509
496 509
497 508
498 507
499 506
500 505
501 504
501 503
502 502
502 501
503 500
503 499
504 498
504 497
504 496
505 495
505 494
506 493
506 492
506 491
506 490
506 489
506 488
506 487
505 486
505 485
505 484
504 483
504 482
504 481
504 480
504 479
504 478
503 477
503 476
502 475
502 474
501 473
500 472
499 471
498 471
497 470
496 469
495 468
494 468
493 467
493 466
492 465
491 464
491 463
490 462
490 461
490 460
489 459
489 458
488 457
488 456
487 455
487 454
486 453
487 452
487 451
487 450
488 449
489 448
490 447
490 446
491 445
491 444
492 443
492 442
492 441
492 440
492 439
492 438
491 437
491 436
490 435
490 434
490 433
490 432
490 431
490 430
490 429
490 428
491 427
491 426
491 425
491 424
492 423
492 422
492 421
492 420
492 419
491 418
491 417
491 416
491 415
491 414
491 413
491 412
490 411
490 410
490 409
489 408
489 407
489 406
489 405
489 404
488 403
488 402
488 401
488 400
488 399
487 398
487 397
487 396
486 395
486 394
485 393
485 392
484 391
484 390
483 389
483 388
482 387
481 386
480 385
479 384
478 383
477 382
476 381
475 380
475 379
474 378
474 377
474 376
474 375
473 374
473 373
473 372
473 371
473 370
473 369
473 368
473 367
474 366
474 365
474 364
475 363
475 362
475 361
476 360
476 359
477 358
478 357
479 357
480 357
481 357
482 357
483 357
484 357
485 357
486 357
487 357
488 356
489 356
490 356
491 356
492 356
493 355
494 355
495 354
496 354
497 354
498 353
499 353
500 353
501 353
502 353
503 353
504 354
505 354
506 354
507 354
508 354
509 354
510 354
511 354
512 354
513 353
514 353
515 353
516 353
517 353
518 353
519 353
520 354
521 354
522 354
523 354
524 354
525 354
526 354
527 353
528 353
529 352
530 352
531 351
532 351
533 350
534 349
535 348
536 347
536 346
537 345
537 344
538 343
538 342
538 341
539 340
539 339
539 338
539 337
539 336
539 335
540 334
540 333
540 332
540 331
540 330
540 329
540 328
540 327
541 326
541 325
541 324
541 323
542 322
542 321
542 320
542 319
542 318
541 317
541 316
540 315
540 314
540 313
540 312
541 311
541 310
542 309
542 308
542 307
543 306
543 305
543 304
543 303
543 302
543 301
543 300
543 299
543 298
543 297
543 296
543 295
543 294
543 293
543 292
543 291
543 290
543 289
543 288
543 287
543 286
543 285
543 284
543 283
543 282
543 281
542 280
542 279
542 278
543 277
543 276
543 275
543 274
543 273
543 272
543 271
543 270
543 269
543 268
543 267
542 266
542 265
541 264
541 263
540 262
540 261
540 260
540 259
539 258
539 257
539 256
539 255
539 254
539 253
538 252
538 251
538 250
538 249
538 248
538 247
538 246
537 245
537 244
537 243
537 242
536 241
536 240
536 239
536 238
536 237
536 236
536 235
536 234
535 233
535 232
535 231
535 230
534 229
534 228
533 227
533 226
532 225
531 224
530 223
529 222
528 221
527 220
526 220
526 219
526 218
526 217
527 216
527 215
527 214
527 213
527 212
527 211
527 210
526 209
526 208
525 207
525 206
524 205
523 204
522 203
521 203
520 202
519 202
518 201
517 201
516 201
515 201
514 201
513 201
512 201
511 200
510 200
509 199
508 198
508 197
509 196
510 195
511 195
512 194
513 194
514 193
515 192
516 191
516 190
517 189
517 188
518 187
518 186
518 185
518 184
518 183
518 182
518 181
517 180
517 179
516 178
516 177
515 176
515 175
516 174
516 173
517 172
517 171
517 170
518 169
518 168
519 167
519 166
520 165
520 164
521 163
521 162
522 161
522 160
523 159
523 158
523 157
523 156
523 155
523 154
524 153
524 152
525 151