537 256
538 257
539 258
539 259
540 260
540 261
541 262
541 263
542 264
543 265
544 266
545 266
546 267
547 267
548 268
548 269
549 270
550 271
550 272
550 273
550 274
550 275
550 276
551 277
551 278
552 279
552 280
553 281
554 282
555 283
556 284
557 285
558 286
558 287
559 288
560 289
561 290
562 291
563 292
564 293
565 294
566 294
567 295
568 295
569 296
570 297
571 298
572 299
573 299
574 300
575 301
576 302
577 302
578 303
579 304
580 305
581 305
582 306
583 307
584 308
584 309
585 310
586 311
587 312
588 313
589 314
590 315
591 315
592 316
593 317
594 317
595 318
596 319
597 319
598 320
599 320
600 321
601 321
602 321
603 322
604 322
605 323
606 323
607 324
608 325
609 325
610 326
611 327
612 327
613 328
614 328
615 329
616 329
617 330
618 331
619 331
620 332
621 333
622 333
623 334
624 334
625 335
626 335
627 336
628 336
629 336
630 336
631 337
632 337
633 337
634 338
635 338
636 339
637 340
638 340
639 341
640 341
641 342
642 343
643 343
643 344
644 345
645 346
645 347
646 348
646 349
647 350
647 351
648 352
648 353
649 354
649 355
650 356
651 357
652 358
653 358
654 359
655 359
656 360
657 360
658 360
659 360
660 360
661 359
662 359
663 358
664 358
665 357
666 356
667 355
667 354
668 353
668 352
669 352
670 352
671 352
672 353
673 354
674 355
675 356
676 356
677 357
678 357
679 358
680 358
681 358
682 358
683 358
684 357
685 357
686 356
687 356
688 355
689 354
690 353
690 352
691 351
691 350
692 349
692 348
692 347
692 346
692 345
693 344
693 343
693 342
693 341
693 340
693 339
693 338
693 337
694 336
694 335
695 335
696 336
697 336
698 337
699 337
700 338
701 338
701 339
702 340
702 341
703 342
704 343
705 344
706 344
707 345
708 345
709 346
710 346
711 346
712 346
713 346
714 345
715 345
716 344
717 344
718 343
719 342
720 341
720 340
721 339
721 338
722 337
722 336
722 335
723 334
723 333
724 332
724 331
725 330
725 329
725 328
726 327
726 326
726 325
727 324
727 323
727 322
727 321
727 320
728 320
729 319
730 318
731 318
732 318
733 317
734 317
735 316
736 316
737 315
737 316
738 317
738 318
739 319
740 320
741 321
742 321
743 322
744 322
745 323
746 323
747 323
748 323
749 324
749 325
749 326
749 327
748 328
748 329
747 330
747 331
747 332
747 333
747 334
747 335
748 336
748 337
749 338
749 339
750 340
751 341
752 342
753 342
754 343
755 343
756 344
757 344
758 345
759 346
760 347
761 348
762 348
763 349
764 349
765 350
766 350
767 350
768 350
769 350
770 349
771 349
772 348
773 348
774 347
775 347
776 346
777 345
778 344
779 344
780 343
780 344
780 345
780 346
779 347
779 348
778 349
778 350
777 351
777 352
777 353
777 354
777 355
777 356
778 357
778 358
779 359
779 360
779 361
778 362
778 363
778 364
778 365
778 366
779 367
779 368
780 369
780 370
781 371
782 372
783 373
784 373
785 374
786 374
787 375
788 375
789 375
790 375
791 375
792 375
793 374
794 374
795 373
796 373
797 372
798 372
799 371
800 371
801 371
802 371
803 372
804 372
805 373
806 373
807 373
808 373
809 373
810 372
811 372
812 371
813 371
814 370
815 369
816 368
817 368
818 367
819 367
820 367
821 367
822 367
823 367
824 368
825 368
826 369
827 369
827 370
826 371
825 372
825 373
824 374
824 375
823 376
823 377
823 378
823 379
823 380
824 381
824 382
825 383
825 384
826 385
827 386
828 387
829 387
830 388
831 388
832 389
832 390
832 391
832 392
832 393
832 394
832 395
832 396
832 397
832 398
833 399
833 400
834 401
834 402
835 403
836 404
836 405
836 406
836 407
836 408
836 409
836 410
835 411
834 412
833 413
833 414
832 415
832 416
831 417
831 418
831 419
831 420
831 421
831 422
831 423
831 424
831 425
830 426
830 427
830 428
830 429
829 430
829 431
828 432
828 433
828 434
828 435
828 436
828 437
828 438
829 439
829 440
830 441
830 442
831 443
832 444
833 445
834 445
835 446
836 446
837 447
838 447
839 447
840 447
841 447
842 447
843 447
844 447
845 447
846 447
847 447
848 447
849 447
850 447
851 448
852 448
853 448
854 448
855 448
856 449
857 449
858 449
859 449
860 449
861 450
862 450
862 451
861 452
860 452
859 453
858 453
857 453
856 453
855 453
854 454
853 454
852 454
851 454
850 454
849 455
848 455
847 456
846 456
845 457
844 458
843 459
843 460
842 461
842 462
841 463
841 464
841 465
841 466
841 467
842 468
842 469
843 470
843 471
844 472
845 473
846 474
847 474
848 475
849 475
850 476
851 476
852 476
853 476
854 476
855 476
856 476
857 476
858 476
859 476
860 476
861 476
862 476
863 476
864 476
865 476
866 476
867 477
868 477
869 477
870 478
871 478
872 479
873 479
874 480
875 480
876 481
875 481
874 482
873 483
872 484
872 485
871 486
871 487
870 488
870 489
870 490
870 491
870 492
871 493
871 494
872 495
872 496
873 497
874 498
875 499
876 500
877 500
878 501
879 501
880 502
881 502
882 502
883 503
884 503
885 504
885 505
884 506
883 506
882 506
881 507
880 507
879 507
878 507
877 507
876 508
875 508
874 508
873 508
872 509
871 509
870 510
869 510
868 511
867 512
866 512
865 513
864 513
863 514
862 515
861 515
860 516
859 517
858 518
857 519
856 520
855 520
854 521
853 521
852 521
851 521
850 521
849 521
848 521
847 521
846 521
845 521
844 522
843 522
842 523
841 523
840 524
839 524
838 525
837 526
836 527
835 528
835 529
834 530
834 531
833 532
833 533
832 534
832 535
832 536
832 537
832 538
832 539
833 540
833 541
834 542
834 543
835 544
836 545
837 546
838 546
839 547
840 547
841 548
842 548
843 549
844 549
845 550
846 550
847 551
848 551
849 551
850 551
851 551
852 551
853 551
854 551
855 552
856 552
857 553
858 553
859 554
860 555
861 555
862 556
862 557
862 558
862 559
862 560
863 561
863 562
864 563
864 564
865 565
866 566
866 567
867 568
868 569
869 570
870 571
871 572
871 573
872 574
873 575
874 576
875 576
876 577
877 577
878 578
879 578
880 578
881 578
882 578
883 577
884 577
885 576
886 577
887 577
888 577
886 578
885 578
884 578
883 578
880 579
879 579
878 580
877 580
876 581
875 581
874 582
873 581
872 581
871 581
870 581
869 581
868 581
867 581
866 581
865 581
864 581
863 581
862 581
861 582
860 582
859 582
858 582
857 582
856 583
855 583
854 584
853 584
852 585
851 586
850 587
850 588
849 589
849 590
848 591
848 592
848 593
848 594
847 595
847 596
846 597
846 598
846 599
846 600
846 601
846 602
847 603
847 604
848 605
848 606
849 607
850 608
851 609
852 609
853 610
854 610
855 611
856 611
857 612
858 613
857 613
856 613
855 613
854 613
853 613
852 612
851 612
850 611
849 611
848 611
847 611
846 611
845 612
844 612
843 613
842 613
841 614
840 615
839 616
839 617
838 618
838 619
837 620
837 621
837 622
837 623
837 624
838 625
838 626
839 627
839 628
840 629
841 630
842 631
843 631
844 632
845 632
846 633
847 634
847 635
847 636
847 637
847 638
847 639
848 640
848 641
849 642
849 643
850 644
851 645
851 646
852 647
853 648
854 649
854 650
855 651
855 652
855 653
854 654
853 655
852 655
851 655
850 654
849 653
848 653
847 652
846 652
845 651
844 651
843 650
842 650
841 649
840 649
839 649
838 649
837 649
836 649
835 650
834 650
833 651
832 651
831 652
830 653
829 654
828 655
828 656
827 657
826 658
825 659
824 660
824 661
823 662
823 663
822 664
822 665
822 666
822 667
822 668
822 669
822 670
822 671
822 672
822 673
822 674
822 675
823 676
823 677
824 678
824 679
824 680
824 681
824 682
824 683
824 684
824 685
824 686
824 687
824 688
824 689
824 690
824 691
824 692
824 693
824 694
824 695
825 696
825 697
825 698
825 699
825 700
825 701
826 702
826 703
826 704
826 705
826 706
827 707
827 708
827 709
827 710
828 711
828 712
829 713
829 714
830 715
830 716
831 717
832 718
833 719
834 720
835 720
835 721
836 722
836 723
837 724
838 725
838 726
839 727
840 728
841 729
841 730
842 731
842 732
843 733
843 734
843 735
843 736
844 737
844 738
844 739
844 740
844 741
844 742
844 743
844 744
845 745
845 746
845 747
845 748
845 749
844 750
844 751
843 752
843 753
842 754
841 755
840 755
839 756
838 756
837 757
836 758
835 759
834 760
834 761
833 762
833 763
832 764
832 765
832 766
832 767
832 768
832 769
833 770
833 771
833 772
834 773
834 774
835 775
835 776
836 777
836 778
837 779
838 780
838 781
839 782
840 783
841 784
842 785
843 786
843 787
844 788
844 789
844 790
844 791
844 792
844 793
844 794
844 795
844 796
844 797
843 798
843 799
843 800
842 801
841 801
840 802
839 803
838 803
837 804
836 804
835 805
834 805
833 806
832 806
831 807
830 807
829 808
828 808
827 809
826 810
825 811
824 812
824 813
823 814
822 815
822 816
821 817
820 818
819 819
818 819
817 819
816 818
815 817
814 816
813 815
813 814
812 813
811 812
810 811
809 810
808 809
807 808
807 807
806 806
805 805
804 804
803 803
802 803
802 802
801 801
801 800
800 799
800 798
800 797
800 796
800 795
800 794
800 793
800 792
800 791
799 790
799 789
798 788
798 787
797 786
796 785
795 784
794 783
793 782
792 781
791 780
790 779
789 778
788 777
787 776
786 776
785 775
784 774
783 773
782 772
781 771
780 771
779 770
778 769
777 768
776 767
775 766
774 765
773 764
772 763
771 763
770 762
769 762
768 761
767 761
766 761
765 761
764 761
763 761
762 760
761 760
760 759
759 759
758 759
757 759
756 759
755 759
754 760
753 760
752 761
751 761
750 762
749 763
748 764
747 765
747 766
746 767
746 768
745 769
745 770
745 771
745 772
745 773
745 774
744 775
744 776
743 777
743 778
742 779
742 780
742 781
742 782
742 783
742 784
742 785
742 786
742 787
742 788
743 789
743 790
744 791
744 792
745 793
746 794
747 795
748 796
749 797
750 798
751 799
752 800
752 801
752 802
752 803
752 804
752 805
751 806
750 807
749 807
748 807
747 807
746 807
745 807
744 806
743 806
743 805
742 804
742 803
741 802
741 801
741 800
741 799
741 798
741 797
741 796
740 795
740 794
739 793
739 792
738 791
738 790
737 789
737 788
736 787
735 786
735 785
734 784
733 783
732 782
731 781
730 781
729 780
728 780
727 779
726 779
725 779
724 779
723 778
722 778
721 778
720 778
719 778
718 777
717 777
716 777
715 776
714 776
713 775
712 775
711 774
710 774
709 774
708 774
707 774
706 775
705 775
704 776
703 776
702 777
701 778
700 779
700 780
699 781
699 782
698 782
697 781
697 780
697 779
697 778
697 777
697 776
697 775
697 774
696 773
696 772
696 771
696 770
695 769
695 768
694 767
694 766
693 765
692 764
692 763
691 762
690 761
690 760
689 759
688 758
687 757
686 756
685 755
684 755
683 754
682 754
681 753
680 752
679 751
679 750
678 749
678 748
677 747
676 746
675 745
674 745
673 744
672 744
671 743
670 743
669 743
668 743
667 742
666 742
665 741
664 740
663 739
662 739
661 738
660 738
659 737
658 737
657 736
656 735
655 734
654 734
653 733
652 732
651 731
650 731
649 730
648 730
647 729
646 729
645 729
644 729
643 729
642 729
641 730
640 730
639 729
638 728
637 728
636 727
635 726
634 725
633 724
632 723
631 723
630 722
629 722
628 721
627 721
626 721
625 721
624 721
623 722
622 722
621 723
620 723
619 724
618 725
617 726
616 727
615 728
614 728
613 728
612 728
612 727
611 726
611 725
611 724
611 723
611 722
611 721
611 720
610 719
610 718
609 717
609 716
608 715
607 714
606 713
605 712
604 711
603 710
602 710
601 709
600 709
599 708
598 708
597 708
596 708
595 707
594 707
594 706
593 705
592 704
592 703
591 702
590 701
589 700
589 699
588 698
588 697
587 696
587 695
586 694
585 693
584 692
583 691
582 690
582 689
581 688
580 687
580 686
579 685
578 684
578 683
577 682
576 681
575 680
574 679
573 679
572 678
571 678
570 677
569 677
568 677
567 677
566 677
565 677
564 677
563 678
562 678
561 678
560 678
559 678
558 678
557 679
556 679
555 680
554 680
553 681
552 682
551 683
550 683
549 683
548 682
547 681
546 680
546 679
545 678
545 677
544 676
544 675
543 674
543 673
542 672
541 671
540 670
539 669
538 668
537 668
536 667
535 667
534 666
533 666
532 665
531 665
530 664
529 664
528 663
527 663
526 663
525 663
524 663
523 663
522 664
521 664
520 665
519 665
518 666
517 667
516 667
515 668
514 668
513 669
512 669
511 670
510 670
509 671
508 671
507 672
506 672
505 673
504 674
503 675
502 676
502 677
501 678
501 679
500 680
500 681
500 682
499 683
499 684
498 685
498 686
498 687
497 688
497 689
496 690
496 691
496 692
495 693
495 694
494 695
494 696
493 696
492 697
491 697
490 697
490 696
491 695
491 694
492 693
492 692
493 691
493 690
494 689
494 688
494 687
495 686
495 685
495 684
495 683
495 682
495 681
496 680
496 679
496 678
496 677
496 676
496 675
496 674
496 673
496 672
495 671
495 670
494 669
494 668
493 667
492 666
491 665
490 665
489 664
488 664
488 663
487 662
487 661
486 660
486 659
485 658
485 657
484 656
483 655
482 654
481 654
480 653
479 653
478 652
478 651
477 650
476 649
475 648
474 648
473 647
472 647
471 646
470 646
469 646
468 646
467 646
466 645
465 645
464 645
463 645
462 645
461 645
460 645
459 645
458 645
457 645
456 645
455 645
454 645
453 645
452 645
451 646
450 646
449 647
448 647
447 648
446 649
445 650
444 651
443 651
442 652
441 652
441 651
441 650
442 649
442 648
442 647
443 646
443 645
444 644
444 643
445 642
445 641
445 640
445 639
445 638
444 637
444 636
443 635
443 634
442 633
441 632
440 631
439 631
438 630
437 630
436 629
435 629
434 628
433 628
432 628
431 627
430 627
429 627
428 627
427 627
426 627
425 627
424 627
423 627
422 627
421 627
420 627
419 627
418 627
417 627
416 627
415 626
414 626
413 626
412 626
411 626
410 626
409 626
408 626
407 626
406 626
405 625
405 624
404 623
404 622
403 621
402 620
401 619
400 618
399 617
398 617
397 616
396 616
395 615
394 614
393 613
392 612
391 611
390 610
390 609
391 608
391 607
392 606
392 605
392 604
392 603
392 602
391 601
391 600
390 599
391 598
391 597
392 596
392 595
392 594
392 593
392 592
391 591
391 590
390 589
390 588
389 587
388 586
387 585
386 585
385 584
384 584
383 583
382 583
381 583
380 583
379 583
378 583
377 583
376 583
375 583
374 583
373 583
372 583
371 583
370 584
369 584
368 584
367 584
366 585
365 585
364 585
363 585
362 586
361 586
360 586
359 586
358 586
357 586
356 586
355 586
354 586
353 586
352 586
351 586
350 586
349 586
348 586
347 586
346 585
345 585
344 584
344 583
344 582
344 581
344 580
345 579
346 578
347 577
348 576
348 575
349 574
349 573
350 572
350 571
350 570
351 570
352 569
353 569
354 569
355 569
356 569
357 570
358 570
359 570
360 570
361 570
362 570
363 569
364 569
365 568
366 568
367 567
368 566
369 565
369 564
370 563
370 562
371 561
371 560
371 559
371 558
371 557
370 556
370 555
369 554
369 553
370 552
371 552
372 551
373 550
374 549
374 548
375 547
375 546
376 545
376 544
376 543
376 542
376 541
375 540
375 539
374 538
374 537
373 536
372 535
371 534
370 534
369 533
368 533
367 532
366 532
365 532
364 532
363 532
363 531
362 530
362 529
361 528
361 527
360 526
359 525
358 524
357 524
356 523
355 523
354 522
353 522
353 521
354 521
355 520
356 520
357 519
358 518
359 517
360 516
360 515
361 514
361 513
362 512
362 511
362 510
362 509
362 508
363 507
364 507
365 506
366 506
367 505
368 505
369 504
370 503
371 502
371 501
372 500
372 499
373 498
373 497
373 496
373 495
373 494
372 493
372 492
372 491
372 490
372 489
372 488
372 487
371 486
371 485
370 484
370 483
369 482
368 481
368 480
369 479
369 478
370 477
370 476
370 475
370 474
370 473
369 472
369 471
368 470
368 469
367 468
366 467
365 466
364 465
365 465
366 465
367 465
368 465
369 465
370 465
371 466
372 466
373 467
374 467
375 468
376 468
377 468
378 468
379 468
380 468
381 468
382 468
383 467
384 467
385 466
386 466
387 465
388 464
389 463
389 462
390 461
390 460
391 459
391 458
391 457
391 456
391 455
390 454
390 453
389 452
389 451
388 450
387 449
386 448
385 448
384 447
383 447
382 446
381 446
380 445
379 445
378 444
377 444
376 443
375 443
374 442
373 442
372 442
371 441
370 441
369 441
368 441
367 441
366 440
365 439
364 438
364 437
363 436
363 435
363 434
363 433
363 432
363 431
364 430
365 430
366 430
367 430
368 430
369 431
370 431
371 431
372 432
373 432
374 432
375 433
376 433
377 434
378 434
379 435
380 435
381 436
382 436
383 436
384 437
385 437
386 438
387 438
388 438
389 439
390 439
391 439
392 440
393 440
394 441
395 441
396 441
397 442
398 442
399 442
400 442
401 442
402 441
403 441
404 440
405 440
406 439
407 438
408 437
408 436
409 435
409 434
410 433
410 432
410 431
410 430
410 429
409 428
409 427
408 426
408 425
407 424
406 423
405 422
404 421
403 421
402 420
401 420
400 419
399 418
400 417
401 417
402 417
403 417
404 418
405 418
406 418
407 418
408 418
409 417
410 417
411 416
412 416
413 415
414 414
415 413
415 412
416 411
416 410
417 409
417 408
417 407
417 406
418 406
419 405
420 405
421 404
422 403
423 402
423 401
424 400
424 399
425 398
425 397
425 396
425 395
425 394
424 393
424 392
423 391
423 390
422 389
421 388
420 387
419 386
418 386
417 385
416 385
415 384
414 384
413 383
412 382
411 381
410 380
410 379
409 378
408 377
409 376
410 376
411 376
412 376
413 377
414 377
415 377
416 377
417 378
418 378
419 378
420 379
421 379
422 379
423 379
424 379
425 378
426 378
427 377
428 377
429 376
430 375
431 374
431 373
432 372
432 371
433 370
433 369
433 368
433 367
433 366
433 365
432 364
432 363
432 362
432 361
432 360
432 359
431 358
431 357
431 356
431 355
430 354
430 353
430 352
430 351
429 350
429 349
429 348
429 347
428 346
428 345
428 344
427 343
427 342
427 341
427 340
427 339
428 338
428 337
429 336
429 335
429 334
429 333
429 332
429 331
429 330
428 329
428 328
428 327
427 326
427 325
426 324
426 323
426 322
425 321
425 320
424 319
424 318
424 317
424 316
425 316
426 315
427 315
428 314
429 313
430 312
431 311
431 310
432 309
432 308
433 307
433 306
433 305
433 304
433 303
433 302
433 301
433 300
433 299
434 299
435 299
436 299
437 300
438 301
439 302
440 303
441 304
442 304
443 305
444 305
445 306
446 306
447 306
448 306
449 306
450 305
451 305
452 305
453 305
454 306
455 306
456 306
457 307
458 307
459 308
460 308
461 309
462 309
463 309
464 309
465 309
466 309
467 308
468 308
469 307
470 307
471 306
472 306
473 305
474 305
475 305
476 305
477 305
478 306
479 306
480 307
481 307
482 308
483 308
484 308
485 308
486 308
487 308
488 308
489 308
490 307
491 307
492 306
493 306
494 306
495 306
496 307
497 307
498 308
499 308
500 308
501 308
502 308
503 308
504 308
505 308
506 308
507 308
508 307
509 307
510 307
511 307
512 307
513 307
514 308
515 309
516 310
517 310
518 311
519 311
520 312
521 312
522 313
523 313
524 313
525 314
526 314
527 314
528 314
529 314
530 314
531 314
532 314
533 314
534 314
535 314
536 314
537 314
538 314
539 314
540 313
541 313
542 312
543 312
544 311
545 310
546 309
546 308
547 307
547 306
548 305
548 304
548 303
548 302
548 301
548 300
548 299
548 298
548 297
548 296
548 295
548 294
548 293
548 292
548 291
548 290
548 289
549 288
549 287
549 286
550 285
550 284
551 283
551 282
551 281
551 280
551 279
550 277
549 275
549 274
548 273
547 272
546 271
545 270
544 269
544 268
543 267
543 266
542 265
541 264
540 263
539 262
538 261
537 261
536 260
536 259
536 258
536 257
536 256