545 345
546 346
547 346
548 347
549 347
550 348
551 348
552 348
553 349
554 350
555 351
556 352
557 352
558 353
559 353
560 354
561 354
562 354
563 354
564 354
565 353
566 353
567 352
568 352
569 351
570 350
571 349
572 348
573 348
574 347
575 347
576 346
577 346
578 346
579 346
580 346
581 346
582 346
583 346
584 346
585 347
586 348
587 349
588 349
589 350
590 350
591 351
592 351
593 351
594 352
595 352
596 353
597 353
598 354
599 355
600 355
601 356
602 356
603 357
604 357
605 358
606 358
607 359
608 359
609 359
610 359
611 359
612 359
613 359
614 359
615 359
616 359
617 359
618 359
619 359
620 359
621 359
622 359
623 359
624 359
625 359
626 359
627 359
628 359
629 359
630 359
631 360
632 360
633 360
634 360
635 361
636 362
637 362
638 363
639 363
640 364
641 364
642 364
643 364
644 365
645 365
646 366
647 367
648 368
649 369
650 369
651 370
652 370
653 371
654 371
655 372
656 372
657 373
658 373
659 373
660 373
661 373
662 373
663 373
664 373
665 373
666 372
667 372
668 371
669 371
670 370
671 370
672 369
673 369
674 368
675 368
676 367
677 367
678 366
679 366
680 366
681 366
682 367
682 368
683 369
684 370
685 371
686 372
687 372
688 373
689 373
690 374
691 374
692 374
693 375
694 375
695 375
696 376
697 377
698 377
699 378
700 378
701 379
702 380
703 380
704 381
705 381
706 382
707 382
708 382
709 383
710 383
711 383
712 384
713 384
714 384
715 384
716 384
717 383
718 383
719 383
720 383
721 383
722 384
723 384
724 384
725 384
726 384
727 384
728 385
729 385
730 385
731 385
732 385
733 386
734 386
735 386
736 386
737 386
738 386
739 386
740 385
741 385
742 385
743 384
744 384
745 384
746 384
747 384
748 384
749 384
750 384
751 385
752 385
753 385
754 385
755 385
756 386
757 386
758 386
759 386
760 386
761 386
762 386
763 386
764 386
765 387
766 387
767 387
768 387
769 387
770 387
771 388
772 388
773 388
774 389
775 389
776 389
777 389
778 389
779 389
780 389
781 389
782 389
783 389
784 389
785 389
786 389
787 390
788 390
789 390
790 390
791 390
792 390
793 390
794 390
795 390
796 390
797 390
798 390
799 390
800 389
801 389
802 389
803 389
804 389
805 389
806 390
807 390
808 391
809 391
810 391
811 392
812 392
813 392
814 393
815 393
816 393
817 394
818 394
819 394
820 394
821 394
822 394
823 394
824 394
825 394
826 394
827 394
828 393
829 393
830 393
831 393
832 393
833 394
834 394
835 394
836 395
837 395
838 396
839 396
840 396
841 396
842 396
843 396
844 396
845 396
846 396
847 396
848 396
849 396
850 396
851 396
852 396
853 396
854 396
855 396
856 396
857 396
858 396
859 396
860 397
860 398
861 399
861 400
862 401
862 402
863 403
864 404
865 405
865 406
866 407
866 408
866 409
866 410
866 411
866 412
867 413
867 414
868 415
868 416
869 417
870 418
871 419
872 420
873 420
874 421
875 421
876 422
877 422
878 422
879 422
880 422
881 423
882 424
883 425
883 426
883 427
883 428
883 429
883 430
882 431
882 432
882 433
882 434
882 435
882 436
883 437
883 438
884 439
884 440
885 441
886 442
887 443
888 444
889 445
890 446
891 447
892 448
893 448
894 449
895 450
896 451
896 452
897 453
897 454
897 455
897 456
897 457
897 458
898 459
898 460
899 461
899 462
900 463
901 464
902 465
903 466
904 467
904 468
905 469
905 470
906 471
906 472
907 473
908 474
909 475
910 475
911 476
912 476
913 477
914 477
915 478
916 478
917 478
918 478
919 479
920 479
921 479
922 479
923 479
924 480
925 480
926 481
927 482
928 483
929 484
930 485
931 486
932 487
933 487
934 488
935 488
936 489
937 490
938 491
939 492
940 492
941 493
942 494
943 495
944 496
945 496
946 497
947 497
948 498
949 498
950 499
951 499
952 500
952 501
953 502
953 503
954 504
954 505
954 506
954 507
954 508
955 509
955 510
956 511
956 512
957 513
958 514
959 515
960 516
960 517
961 518
961 519
961 520
961 521
962 522
962 523
961 524
961 525
960 526
959 527
958 528
957 529
956 530
955 531
954 532
953 532
952 533
951 533
950 534
949 534
948 535
947 536
946 537
946 538
945 539
945 540
944 541
944 542
944 543
944 544
944 545
944 546
945 547
945 548
946 549
946 550
947 551
947 552
947 553
947 554
946 555
945 556
944 557
943 558
943 559
942 560
941 561
941 562
940 563
940 564
939 565
939 566
939 567
938 568
938 569
938 570
937 571
936 571
935 571
934 571
933 571
932 571
931 571
930 571
929 571
928 571
927 572
926 572
925 573
924 573
923 574
922 575
921 576
921 577
920 578
920 579
919 580
919 581
918 582
918 583
918 584
918 585
917 586
917 587
916 587
915 588
914 588
913 588
912 589
911 589
910 590
909 590
908 591
907 592
906 593
905 594
904 595
904 596
903 597
903 598
902 599
902 600
902 601
902 602
902 603
903 604
903 605
904 606
904 607
905 608
906 609
906 610
907 611
907 612
908 613
908 614
908 615
909 616
909 617
909 618
909 619
909 620
910 621
910 622
910 623
910 624
911 625
911 626
911 627
911 628
911 629
910 630
910 631
909 632
908 633
907 634
907 635
906 636
906 637
905 638
905 639
905 640
904 641
904 642
903 642
902 643
901 643
900 643
899 643
898 643
897 643
896 643
895 643
894 643
893 643
892 643
891 644
890 644
889 645
888 645
887 646
886 646
885 647
884 647
883 648
882 648
881 648
880 648
879 648
878 649
877 649
876 649
875 649
874 649
873 649
872 649
871 649
870 649
869 649
868 649
867 650
866 650
865 651
864 651
863 652
862 653
861 654
860 655
859 655
858 656
857 656
856 656
855 656
854 657
853 657
852 657
851 657
850 657
849 657
848 657
847 657
846 657
845 656
844 656
843 656
842 656
841 656
840 657
839 657
838 658
837 658
836 659
835 660
834 661
833 662
833 663
832 664
832 665
831 666
831 667
830 668
830 669
830 670
830 671
830 672
830 673
830 674
830 675
830 676
829 677
828 678
827 679
826 679
825 679
824 678
823 677
822 677
821 676
820 676
819 675
818 675
817 675
816 675
815 675
814 675
813 675
812 675
811 674
810 674
809 673
808 673
807 672
806 671
805 671
804 670
803 670
802 669
801 669
800 668
799 668
798 668
797 668
796 668
795 668
794 668
793 668
792 668
791 669
790 669
789 670
788 670
787 671
786 672
785 673
784 674
783 675
782 676
782 677
781 678
780 679
780 680
779 681
779 682
778 683
777 684
776 684
775 684
774 684
773 684
772 684
771 684
770 684
769 684
768 684
767 685
766 685
765 685
764 685
763 685
762 685
761 686
760 686
759 686
758 686
757 686
756 686
755 686
754 686
753 685
752 685
751 685
750 685
749 685
748 685
747 685
746 685
745 685
744 685
743 685
742 685
741 685
740 686
739 686
738 686
737 686
736 686
735 686
734 686
733 686
732 686
731 686
730 686
729 686
728 686
727 686
726 687
725 687
724 687
723 687
722 687
721 688
720 688
719 688
718 689
717 689
716 690
715 690
714 691
713 691
712 691
711 691
710 691
709 691
708 691
707 691
706 691
705 690
704 690
703 690
702 690
701 690
700 690
699 690
698 690
697 690
696 690
695 690
694 690
693 690
692 690
691 690
690 690
689 690
688 690
687 691
686 691
685 691
684 691
683 691
682 691
681 691
680 692
679 692
678 692
677 692
676 693
675 693
674 693
673 693
672 693
671 694
670 694
669 694
668 695
667 695
666 695
665 696
664 696
663 696
662 696
661 697
660 697
659 697
658 697
657 697
656 698
655 698
654 699
653 699
652 700
651 700
650 701
649 701
648 702
647 702
646 703
645 703
644 704
643 704
642 705
641 705
640 706
639 707
638 708
637 709
636 710
635 711
634 712
633 712
632 713
631 714
630 715
629 716
628 717
627 718
626 719
626 720
625 721
624 722
623 723
622 723
621 723
620 723
619 722
618 722
617 721
616 721
615 721
614 720
613 720
612 720
611 719
610 719
609 719
608 718
607 718
606 717
605 717
604 717
603 717
602 716
601 716
600 716
599 716
598 716
597 716
596 716
595 716
594 716
593 716
592 715
591 715
590 715
589 715
588 715
587 715
586 715
585 716
584 716
583 716
582 716
581 716
580 717
579 717
578 717
577 718
576 718
575 719
574 719
573 719
572 719
571 719
570 719
569 720
568 720
567 720
566 720
565 721
564 721
563 721
562 721
561 721
560 721
559 722
558 722
557 723
556 723
555 724
554 724
553 724
552 725
551 725
550 725
549 726
548 726
547 727
546 727
545 728
544 729
543 730
543 731
542 732
542 733
541 734
541 735
541 736
540 737
540 738
540 739
540 740
540 741
539 742
539 743
538 743
537 743
536 742
535 742
534 742
533 741
532 741
531 741
530 741
529 741
528 741
527 741
526 740
525 740
524 740
523 740
522 740
521 740
520 740
519 740
518 740
517 741
516 741
515 741
514 741
513 741
512 742
511 742
510 742
509 743
508 743
507 744
506 744
505 745
504 745
503 746
502 747
501 748
500 749
499 750
499 751
498 752
497 753
496 753
495 754
494 754
493 754
493 753
492 752
492 751
491 750
491 749
490 748
489 747
488 746
487 745
486 744
485 743
484 742
483 741
482 740
481 740
480 739
479 739
478 738
477 738
476 737
475 737
474 737
473 736
472 736
471 736
470 736
469 735
468 735
467 735
466 735
465 734
464 734
463 734
462 733
461 733
460 733
459 732
458 732
457 731
456 731
455 730
454 730
453 730
452 729
451 729
450 728
449 727
449 726
449 725
449 724
449 723
448 722
448 721
447 720
447 719
446 718
446 717
445 716
444 715
443 714
442 714
441 713
440 712
439 712
438 711
437 711
436 710
435 710
434 709
433 709
432 709
431 708
430 708
429 707
428 706
428 705
428 704
427 703
427 702
426 701
426 700
425 699
425 698
425 697
425 696
425 695
425 694
424 693
424 692
423 691
423 690
422 689
422 688
421 687
421 686
420 685
420 684
420 683
419 682
419 681
418 680
418 679
417 678
416 677
415 676
414 676
413 675
412 675
411 674
410 674
409 674
408 674
407 674
406 674
405 674
404 673
404 672
404 671
404 670
405 669
405 668
406 667
406 666
406 665
406 664
406 663
405 662
405 661
404 660
404 659
403 658
402 657
401 656
400 656
399 655
398 655
397 654
396 654
395 654
394 654
393 654
392 654
391 655
390 655
389 655
388 654
387 654
386 654
385 654
384 653
384 652
385 652
386 651
387 650
388 650
389 649
390 649
391 648
392 648
393 647
394 646
395 645
396 644
396 643
397 642
397 641
398 640
398 639
398 638
398 637
398 636
397 635
397 634
396 633
396 632
395 631
394 630
393 629
392 628
391 628
390 627
389 627
388 626
387 626
386 625
385 625
384 625
383 625
382 624
381 624
380 624
379 624
378 624
377 624
376 625
375 625
374 626
373 626
372 627
371 628
370 629
369 630
369 631
368 632
367 632
366 633
365 633
364 633
363 633
362 632
362 631
362 630
362 629
362 628
362 627
362 626
361 625
361 624
360 623
360 622
359 621
358 620
357 619
356 619
355 618
354 618
353 617
352 617
351 617
350 617
349 617
349 616
348 615
347 614
346 613
345 612
344 612
343 611
342 611
341 610
340 610
339 610
338 610
337 610
336 610
335 610
334 611
333 611
332 611
331 611
330 611
329 611
328 611
327 611
326 611
325 611
324 611
323 611
322 611
321 611
320 611
319 612
318 612
317 612
316 613
315 613
314 613
313 613
312 613
311 613
310 613
309 613
308 613
307 613
306 613
305 613
304 613
303 613
302 613
301 613
300 613
299 614
298 614
297 614
296 614
295 614
294 614
293 614
292 614
291 614
290 614
289 614
288 614
287 615
286 615
285 615
284 615
283 615
282 615
281 615
280 615
279 615
278 614
277 614
276 614
275 614
274 614
273 614
272 614
271 614
270 613
269 613
268 612
267 612
266 612
265 611
264 611
263 611
262 610
261 610
260 609
259 609
258 608
257 608
257 607
258 606
258 605
259 604
259 603
259 602
259 601
259 600
259 599
259 598
258 597
258 596
257 595
257 594
256 593
255 592
254 591
253 591
252 590
251 590
250 589
249 589
248 588
247 588
246 587
245 587
244 586
243 585
242 585
241 584
240 584
239 583
238 583
237 582
237 581
238 580
238 579
239 578
239 577
239 576
239 575
239 574
239 573
238 572
238 571
237 570
237 569
236 568
236 567
236 566
236 565
237 564
237 563
238 562
238 561
239 560
240 559
240 558
241 557
241 556
242 555
242 554
243 553
243 552
243 551
243 550
243 549
243 548
243 547
243 546
242 545
242 544
241 543
241 542
240 541
239 540
239 539
238 538
238 537
239 536
239 535
239 534
240 533
240 532
240 531
241 530
241 529
242 528
242 527
242 526
242 525
242 524
242 523
242 522
242 521
243 520
243 519
244 518
244 517
245 516
246 515
247 514
248 513
248 512
249 511
249 510
250 509
250 508
250 507
250 506
250 505
250 504
250 503
250 502
250 501
250 500
250 499
250 498
250 497
250 496
249 495
249 494
249 493
248 492
248 491
248 490
247 489
247 488
247 487
247 486
247 485
246 484
246 483
245 482
245 481
244 480
244 479
243 478
243 477
243 476
243 475
243 474
243 473
243 472
243 471
244 470
244 469
244 468
244 467
244 466
244 465
243 464
243 463
242 462
242 461
241 460
240 459
239 458
239 457
239 456
239 455
239 454
240 453
241 452
242 451
243 450
243 449
244 448
245 447
246 446
246 445
247 444
247 443
248 442
248 441
248 440
248 439
248 438
248 437
248 436
247 435
247 434
246 433
246 432
246 431
247 430
248 429
249 428
250 428
251 427
252 426
253 425
254 424
255 423
256 422
257 421
258 420
258 419
259 418
259 417
260 416
260 415
260 414
261 413
261 412
261 411
261 410
261 409
260 408
260 407
260 406
260 405
260 404
260 403
260 402
260 401
260 400
261 399
261 398
262 397
263 397
264 396
265 396
266 395
267 394
268 393
269 392
270 391
271 390
271 389
272 388
272 387
273 386
274 385
275 384
276 384
277 383
278 383
279 383
280 382
281 382
282 382
283 382
284 381
285 381
286 380
287 380
288 379
289 379
290 378
291 378
292 377
293 377
294 376
295 375
296 375
297 374
298 374
299 373
300 373
301 372
302 371
303 370
303 369
304 368
304 367
305 366
306 365
307 365
308 365
309 365
310 366
311 366
312 366
313 367
314 367
315 367
316 367
317 368
318 368
319 368
320 368
321 368
322 368
323 368
324 368
325 368
326 367
327 367
328 367
329 366
330 366
331 365
332 365
333 365
334 364
335 364
336 363
337 363
338 362
339 362
340 361
341 360
342 359
343 358
344 357
345 356
346 356
347 355
348 354
349 354
350 353
351 352
352 351
353 351
354 350
355 350
356 349
357 349
358 349
359 349
360 348
361 348
362 348
363 348
364 348
365 348
366 348
367 348
368 348
369 348
370 348
371 348
372 348
373 348
374 347
375 347
376 347
377 346
378 346
379 346
380 346
381 345
382 345
383 345
384 346
385 346
386 346
387 346
388 346
389 346
390 347
391 347
392 348
393 348
394 349
395 349
396 349
397 349
398 350
399 350
400 350
401 350
402 351
403 351
404 351
405 351
406 351
407 351
408 351
409 351
410 351
411 351
412 351
413 351
414 352
415 352
416 352
417 352
418 353
419 353
420 353
421 353
422 353
423 353
424 353
425 353
426 353
427 354
428 354
429 354
430 355
431 355
432 355
433 355
434 355
435 355
436 355
437 355
438 355
439 355
440 355
441 355
442 356
443 357
444 358
445 358
446 359
447 359
448 360
449 360
450 360
451 360
452 360
453 359
454 359
455 359
456 359
457 359
458 359
459 359
460 359
461 359
462 359
463 360
464 360
465 360
466 360
467 361
468 361
469 361
470 362
471 362
472 363
473 363
474 364
475 364
476 364
477 365
478 365
479 365
480 365
481 365
482 365
483 365
484 366
485 366
486 366
487 366
488 366
489 367
490 367
491 367
492 367
493 367
494 367
495 367
496 367
497 367
498 367
499 367
500 367
501 367
502 367
503 367
504 366
505 366
506 365
507 365
508 364
509 363
510 362
511 361
512 361
513 361
514 361
515 361
516 361
517 361
518 361
519 361
520 361
521 361
522 360
523 360
524 360
525 359
526 359
527 358
528 358
529 357
530 356
531 355
532 354
533 354
534 353
535 352
536 351
537 350
537 349
538 348
539 347
540 346
541 346
542 345
543 345
544 345