761 276
762 277
763 277
764 278
765 278
765 279
766 280
766 281
767 282
767 283
768 284
768 285
769 286
769 287
770 288
771 289
772 290
773 291
774 292
775 293
776 293
777 294
778 294
779 295
780 295
781 296
782 296
783 297
784 297
785 297
786 298
787 298
788 298
789 298
790 298
791 298
792 299
793 299
794 299
795 300
796 300
797 300
798 300
799 300
800 300
801 300
802 300
803 300
804 300
805 301
806 301
807 302
808 302
809 303
810 303
811 303
812 304
813 304
814 304
815 304
816 304
817 305
818 305
819 306
820 306
821 307
821 308
822 309
822 310
822 311
822 312
823 313
823 314
823 315
824 316
824 317
824 318
825 319
825 320
825 321
826 322
826 323
827 324
827 325
828 326
828 327
829 328
830 329
831 330
832 331
833 332
834 333
835 333
836 334
837 335
838 335
839 336
840 336
841 337
842 337
843 338
844 338
845 339
846 339
847 340
848 340
849 341
850 342
851 342
852 343
853 344
854 345
854 346
855 347
856 348
857 349
858 350
859 351
860 352
861 353
862 354
863 355
864 356
865 357
866 357
867 358
868 358
869 359
870 359
871 360
872 360
873 361
874 361
875 361
876 361
877 361
878 361
879 361
880 361
881 362
882 362
883 362
884 362
885 363
885 364
885 365
885 366
884 367
884 368
884 369
884 370
884 371
885 372
885 373
886 374
885 375
885 376
884 377
883 378
882 379
882 380
881 381
881 382
880 383
880 384
880 385
880 386
880 387
880 388
880 389
880 390
880 391
880 392
880 393
880 394
881 395
881 396
882 397
882 398
883 399
884 400
885 401
886 402
887 403
888 403
889 404
890 404
891 405
892 405
893 406
894 406
895 407
894 408
893 408
892 408
891 408
890 408
889 408
888 408
887 409
886 409
885 409
884 409
883 409
882 409
881 409
880 410
879 410
878 410
877 411
876 411
875 412
874 412
873 413
872 413
871 413
870 414
869 414
868 414
867 415
866 415
865 416
864 416
863 417
862 418
861 419
860 419
859 420
858 421
857 422
856 423
855 424
854 425
853 426
852 427
852 428
851 429
851 430
850 431
850 432
850 433
850 434
850 435
850 436
849 437
849 438
848 439
848 440
848 441
847 442
847 443
847 444
847 445
846 446
846 447
846 448
846 449
845 450
845 451
845 452
845 453
845 454
845 455
846 456
846 457
847 458
847 459
848 460
848 461
849 462
850 463
851 464
852 465
852 466
852 467
852 468
852 469
851 470
851 471
850 472
850 473
850 474
850 475
850 476
850 477
851 478
851 479
852 480
852 481
853 482
853 483
853 484
854 485
854 486
854 487
854 488
853 489
853 490
852 490
851 490
850 489
849 488
848 488
847 487
846 486
845 485
844 484
843 484
842 483
841 483
840 482
839 482
838 481
837 481
836 481
835 481
834 480
833 480
832 479
831 478
830 478
829 477
828 477
827 476
826 476
825 476
824 476
823 476
822 476
821 476
820 476
819 476
818 476
817 477
816 477
815 477
814 478
813 478
812 479
811 479
810 480
809 481
808 481
807 482
806 483
805 483
804 484
803 484
802 484
801 485
800 485
799 485
798 486
797 486
796 487
795 487
794 488
793 489
792 490
791 491
791 492
790 493
790 494
789 495
789 496
789 497
789 498
789 499
790 500
790 501
791 502
791 503
792 504
793 505
792 506
791 506
790 506
789 506
788 506
787 506
786 506
785 507
784 507
783 508
782 508
781 509
780 510
779 511
778 512
778 513
777 514
777 515
776 516
776 517
775 518
774 518
773 517
772 517
771 516
770 516
769 515
768 515
767 515
766 515
765 515
764 516
763 516
762 517
761 517
760 518
759 519
758 520
757 520
756 521
755 522
754 523
754 524
753 525
753 526
752 527
752 528
752 529
751 529
750 530
749 530
748 531
747 531
746 532
745 533
744 534
743 535
742 536
742 537
741 538
741 539
740 540
740 541
740 542
740 543
740 544
740 545
740 546
740 547
740 548
740 549
740 550
741 551
741 552
741 553
741 554
741 555
741 556
741 557
741 558
741 559
740 560
740 561
740 562
740 563
739 564
739 565
739 566
739 567
739 568
739 569
739 570
740 571
740 572
741 573
741 574
740 574
739 575
738 576
737 576
736 577
735 578
734 579
733 580
732 581
732 582
731 583
731 584
730 585
729 586
729 587
728 588
728 589
727 590
727 591
727 592
727 593
727 594
727 595
728 596
728 597
729 598
729 599
730 600
730 601
731 602
731 603
732 604
732 605
733 606
734 607
735 608
735 609
736 610
737 611
738 612
739 612
740 613
741 614
741 615
741 616
741 617
741 618
741 619
742 620
742 621
743 622
743 623
744 624
744 625
745 626
746 627
747 628
748 629
749 630
749 631
748 631
747 631
746 632
745 632
744 632
743 632
742 633
741 633
740 634
739 634
738 635
737 636
736 637
736 638
735 639
734 640
734 641
733 642
733 643
732 644
732 645
732 646
732 647
732 648
732 649
732 650
731 650
730 650
729 650
728 651
727 651
726 651
725 651
724 651
723 652
722 652
721 652
720 652
719 653
718 653
717 654
716 654
715 655
714 655
713 656
712 657
711 658
710 659
709 660
709 661
708 662
708 663
707 664
707 665
707 666
707 667
706 668
705 668
704 668
703 669
702 669
701 669
700 669
699 670
698 670
697 671
696 671
695 672
694 673
693 673
692 674
691 673
690 673
689 672
688 671
687 670
686 669
685 668
684 667
683 667
682 666
681 666
680 665
679 665
678 664
677 664
676 664
675 664
674 664
673 664
672 664
671 664
670 664
669 664
668 663
667 663
666 662
665 661
664 660
663 660
662 659
661 659
660 658
659 658
658 658
657 658
656 658
655 658
654 658
653 658
652 658
651 658
650 658
649 658
648 658
647 658
646 658
645 658
644 659
643 659
642 660
641 660
640 661
639 662
638 663
638 664
637 665
636 666
636 667
635 668
635 669
634 670
634 671
633 672
633 673
633 674
633 675
633 676
634 677
634 678
635 679
635 680
636 681
636 682
636 683
635 683
634 683
633 683
632 682
631 682
630 682
629 682
628 682
627 682
626 682
625 682
624 682
623 682
622 682
621 682
620 682
619 682
618 682
617 682
616 682
615 682
614 682
613 682
612 682
611 682
610 682
609 683
608 683
607 684
606 684
605 685
604 686
603 687
603 688
602 689
602 690
601 691
601 692
601 693
601 694
601 695
602 696
602 697
603 698
603 699
604 700
605 701
605 702
605 703
604 703
603 703
602 703
601 702
600 702
599 701
598 701
597 701
596 700
595 700
594 700
593 700
592 700
591 701
590 701
589 702
588 702
587 703
586 704
585 705
585 706
584 707
584 708
583 709
583 710
583 711
583 712
583 713
583 714
584 715
584 716
583 717
583 718
583 719
583 720
583 721
584 722
584 723
585 724
585 725
586 726
586 727
587 728
588 729
588 730
589 731
589 732
590 733
591 734
591 735
592 736
592 737
593 738
593 739
593 740
593 741
593 742
593 743
593 744
593 745
592 746
591 747
590 748
589 749
588 749
587 749
586 749
585 749
584 749
583 749
582 748
581 748
580 747
579 747
578 746
577 746
576 745
575 745
574 744
573 744
572 743
571 742
570 742
569 741
568 741
567 740
566 740
565 739
564 738
563 738
562 737
561 737
560 736
559 736
558 735
557 735
556 734
555 734
554 733
553 733
552 733
551 732
550 732
549 732
548 732
547 732
546 731
545 731
544 731
543 731
542 731
541 730
540 730
539 730
538 730
537 729
536 729
535 729
534 729
533 728
532 728
531 728
530 728
529 728
528 727
527 727
526 727
525 727
524 727
523 726
522 726
521 726
520 726
519 726
518 726
517 725
516 725
515 725
514 725
513 725
512 725
511 724
510 724
509 724
508 724
507 724
506 724
505 724
504 724
503 724
502 723
501 723
500 723
499 723
498 723
497 723
496 723
495 723
494 723
493 723
492 723
491 723
490 722
489 722
488 722
487 722
486 722
485 722
484 722
483 722
482 723
481 723
480 723
479 723
478 723
477 723
476 723
475 723
474 723
473 723
472 723
471 723
470 723
469 723
468 723
467 723
466 724
465 724
464 724
463 724
462 724
461 725
460 725
459 725
458 726
457 726
456 726
455 726
454 727
453 727
452 727
451 727
450 728
449 728
448 728
447 728
446 729
445 729
444 729
443 730
442 730
441 730
440 731
439 731
438 731
437 731
436 732
435 732
434 732
433 732
432 733
431 733
430 733
429 734
428 734
427 734
426 735
425 735
424 736
423 736
422 737
421 737
420 738
419 738
418 739
417 740
416 740
415 741
414 741
413 742
412 742
411 743
410 743
409 744
408 744
407 744
406 745
405 745
404 745
403 745
402 745
401 745
400 745
399 745
398 744
397 744
396 743
395 743
394 742
393 742
392 741
391 741
390 740
389 739
389 738
388 737
388 736
388 735
388 734
387 733
387 732
387 731
387 730
387 729
387 728
386 727
386 726
385 725
385 724
384 723
383 722
382 721
381 720
380 719
379 718
378 717
377 716
376 716
375 715
374 715
373 714
372 714
371 714
370 714
369 713
368 713
367 713
366 713
365 713
364 713
363 713
362 713
361 713
360 713
359 714
358 714
357 714
356 714
355 714
354 714
353 715
352 715
351 715
350 715
349 715
348 715
347 715
346 716
345 716
344 717
343 717
342 718
341 719
340 720
339 720
338 721
337 721
336 721
335 721
334 721
333 720
332 720
331 719
330 719
329 719
328 719
327 719
326 719
325 718
325 717
324 716
324 715
324 714
324 713
324 712
324 711
324 710
324 709
324 708
324 707
323 706
323 705
323 704
323 703
322 702
322 701
321 700
321 699
320 698
319 697
318 696
317 695
317 694
316 693
315 692
315 691
314 690
314 689
313 688
313 687
312 686
312 685
312 684
311 683
311 682
311 681
310 680
310 679
309 678
309 677
308 676
308 675
307 674
306 673
305 672
304 671
303 670
302 669
301 669
300 668
299 668
298 667
297 667
296 667
295 666
295 665
295 664
295 663
295 662
295 661
295 660
294 659
294 658
293 657
293 656
292 655
291 654
290 653
289 652
288 652
287 651
286 651
285 650
284 649
284 648
284 647
284 646
284 645
284 644
284 643
284 642
284 641
284 640
284 639
284 638
284 637
284 636
284 635
285 634
285 633
285 632
286 631
286 630
287 629
287 628
288 627
288 626
288 625
288 624
288 623
288 622
288 621
288 620
288 619
288 618
288 617
288 616
287 615
287 614
287 613
287 612
287 611
287 610
287 609
287 608
287 607
286 606
286 605
285 604
285 603
284 602
283 601
282 600
281 599
280 598
279 597
278 597
277 596
276 595
275 594
275 593
274 592
274 591
274 590
275 589
275 588
276 587
277 586
278 586
279 585
280 585
281 584
282 584
283 583
284 583
285 582
286 581
287 580
288 579
288 578
289 577
289 576
290 575
290 574
290 573
291 572
291 571
291 570
292 569
292 568
292 567
292 566
292 565
292 564
292 563
292 562
292 561
292 560
292 559
293 558
294 557
294 556
295 555
296 555
297 554
298 553
299 552
300 552
301 551
302 550
303 549
304 548
304 547
305 546
305 545
306 544
306 543
306 542
307 541
307 540
307 539
307 538
307 537
307 536
307 535
307 534
307 533
307 532
307 531
308 530
308 529
309 529
310 528
311 527
312 527
313 526
314 525
315 524
316 523
317 522
317 521
318 520
318 519
319 518
319 517
319 516
319 515
319 514
319 513
319 512
319 511
318 510
318 509
317 508
317 507
316 506
316 505
316 504
316 503
316 502
317 501
317 500
317 499
317 498
318 497
318 496
318 495
318 494
319 493
319 492
319 491
320 490
320 489
320 488
320 487
320 486
320 485
320 484
320 483
320 482
319 481
319 480
319 479
319 478
319 477
319 476
319 475
319 474
320 473
320 472
320 471
321 470
321 469
321 468
321 467
322 466
323 465
324 464
325 463
326 462
327 461
327 460
328 459
328 458
329 457
329 456
330 455
330 454
330 453
330 452
330 451
330 450
330 449
329 448
329 447
329 446
329 445
330 444
331 444
332 444
333 444
334 444
335 444
336 444
337 445
338 445
339 445
340 446
341 446
342 446
343 446
344 446
345 446
346 446
347 446
348 446
349 446
350 446
351 446
352 445
353 445
354 445
355 445
356 444
357 444
358 443
359 443
360 442
361 442
362 441
363 441
364 440
365 439
366 439
367 438
368 438
369 437
370 437
371 436
372 436
373 435
374 435
375 434
376 434
377 433
378 432
379 431
380 430
381 430
382 429
383 429
384 429
385 429
386 429
387 428
388 428
389 428
390 428
391 428
392 427
393 427
394 426
395 426
396 425
397 424
398 423
399 423
400 422
401 421
402 420
403 420
404 419
405 418
406 417
407 416
408 415
409 414
409 413
410 412
410 411
411 410
412 410
413 410
414 409
415 409
416 409
417 409
418 409
419 409
420 409
421 409
422 409
423 409
424 408
425 408
426 408
427 407
428 407
429 407
430 406
431 406
432 405
433 405
434 405
435 405
436 404
437 404
438 404
439 403
440 403
441 403
442 402
443 402
444 402
445 401
446 401
447 401
448 400
449 400
450 399
451 399
452 398
453 397
454 397
455 396
456 395
457 395
458 394
459 393
460 392
460 391
461 390
462 389
462 388
463 387
463 386
464 385
465 384
465 383
466 382
467 381
468 380
468 379
469 379
470 378
471 377
472 376
473 376
474 375
475 375
476 374
477 374
478 374
479 373
480 373
481 373
482 373
483 372
484 372
485 372
486 372
487 371
488 371
489 371
490 370
491 370
492 369
493 369
494 368
495 368
496 367
497 367
498 366
499 366
500 365
501 364
502 364
503 363
504 362
505 362
506 361
507 360
508 359
509 358
510 357
511 356
512 355
513 354
514 354
515 354
516 354
517 353
518 353
519 352
520 352
521 351
522 351
523 351
524 351
525 350
526 350
527 350
528 349
529 349
530 348
531 348
532 347
533 346
534 346
535 345
536 345
537 344
538 343
539 342
540 342
541 341
542 340
543 340
544 339
545 339
546 338
547 338
548 338
549 337
550 337
551 336
552 336
553 335
554 334
555 334
556 333
557 332
558 331
559 330
560 329
561 329
562 328
563 327
564 326
565 325
566 324
567 323
568 322
568 321
569 320
570 319
571 318
572 317
573 316
573 315
574 314
575 313
576 312
577 312
578 311
579 310
580 310
581 309
582 309
583 309
584 308
585 308
586 308
587 309
588 309
589 310
590 311
591 311
592 312
593 312
594 313
595 313
596 313
597 313
598 313
599 312
600 312
601 311
602 311
603 310
604 309
605 308
606 307
607 307
608 306
609 306
610 306
611 306
612 307
613 308
614 309
615 310
616 310
617 311
618 311
619 312
620 312
621 312
622 312
623 312
624 312
625 311
626 311
627 310
628 310
629 309
630 308
631 308
632 307
633 307
634 307
635 306
636 306
637 306
638 305
639 305
640 305
641 304
642 304
643 303
644 303
645 302
646 301
647 301
648 300
649 299
650 299
651 298
652 297
653 297
654 297
655 297
656 296
657 296
658 297
659 297
660 298
661 299
662 299
663 300
664 300
665 301
666 301
667 301
668 301
669 301
670 301
671 300
672 300
673 300
674 299
675 299
676 298
677 298
678 297
679 297
680 296
681 296
682 295
683 295
684 294
685 294
686 293
687 292
688 292
689 291
690 290
691 289
692 289
693 288
694 287
695 287
696 287
697 286
698 286
699 285
700 285
701 285
702 285
703 285
704 285
705 285
706 285
707 286
708 287
709 288
710 288
711 289
712 289
713 290
714 290
715 290
716 290
717 290
718 290
719 290
720 290
721 290
722 290
723 290
724 289
725 289
726 289
727 289
728 289
729 288
730 288
731 288
732 287
733 287
734 287
735 286
736 286
737 285
738 285
739 284
740 284
741 283
742 283
743 282
744 282
745 281
746 280
747 280
748 279
749 279
750 278
751 278
752 277
753 277
754 277
755 276
756 276
757 276
758 276
759 276
760 276