685 227
686 228
687 229
688 229
689 230
690 230
691 231
692 231
693 231
694 232
695 232
696 232
697 232
698 232
699 232
700 233
701 233
701 234
701 235
701 236
701 237
701 238
701 239
701 240
700 241
700 242
700 243
700 244
700 245
700 246
700 247
701 248
701 249
701 250
702 251
702 252
703 253
703 254
703 255
703 256
703 257
703 258
703 259
704 260
704 261
705 262
705 263
706 264
707 265
708 266
709 267
710 267
711 268
712 268
713 269
714 270
715 271
716 272
717 273
718 273
719 274
720 274
721 275
722 275
723 275
724 276
725 276
726 277
727 277
728 277
729 277
730 277
731 277
732 277
733 277
734 278
735 278
736 279
737 279
738 280
739 280
740 280
741 280
742 280
743 280
744 279
745 279
746 279
747 279
748 278
749 278
750 278
751 277
752 277
753 276
754 276
755 276
756 275
757 275
758 275
759 275
760 274
761 274
762 274
763 274
764 274
765 274
766 274
767 274
768 274
769 274
770 274
771 274
772 274
773 274
774 273
775 273
776 273
777 273
778 272
779 272
780 272
781 272
782 271
783 271
784 270
785 270
786 269
787 269
788 269
789 269
790 270
790 271
790 272
790 273
790 274
790 275
790 276
790 277
790 278
790 279
790 280
789 281
789 282
789 283
789 284
789 285
790 286
790 287
791 288
791 289
792 290
792 291
793 292
793 293
794 294
794 295
795 296
796 297
797 298
798 299
799 299
800 300
801 300
802 301
803 301
804 302
805 303
805 304
805 305
805 306
804 307
803 308
802 309
801 310
801 311
800 312
799 313
799 314
798 315
798 316
797 317
797 318
796 319
796 320
796 321
796 322
796 323
797 324
797 325
798 326
798 327
799 328
800 329
801 330
802 331
803 331
804 332
805 332
806 333
807 333
808 333
809 333
810 333
811 333
812 334
813 334
814 334
815 335
816 336
817 336
818 337
819 337
820 338
821 338
822 339
823 339
824 339
825 340
826 341
826 342
826 343
827 344
827 345
827 346
828 347
828 348
828 349
828 350
828 351
829 352
829 353
829 354
829 355
829 356
829 357
829 358
830 359
830 360
830 361
830 362
831 363
831 364
832 365
832 366
833 367
834 368
835 369
836 369
837 370
838 370
839 371
840 371
841 372
842 373
843 374
844 374
845 375
846 375
847 376
848 376
849 376
850 376
851 376
852 376
853 375
854 375
855 375
856 375
857 375
858 375
859 375
860 375
860 376
861 377
862 378
863 379
864 380
864 381
864 382
864 383
864 384
864 385
864 386
864 387
864 388
864 389
865 390
865 391
866 392
866 393
867 394
868 395
868 396
869 397
869 398
869 399
870 400
870 401
871 402
871 403
872 404
873 405
873 406
874 407
874 408
874 409
874 410
874 411
874 412
874 413
873 414
873 415
873 416
873 417
872 418
872 419
872 420
872 421
872 422
872 423
872 424
872 425
871 426
871 427
871 428
870 429
870 430
869 431
869 432
869 433
869 434
869 435
870 436
870 437
871 438
871 439
870 440
870 441
869 442
869 443
868 444
867 445
866 446
865 447
864 448
864 449
863 450
862 451
861 452
861 453
860 454
859 455
858 456
857 457
856 458
855 459
854 459
853 460
852 461
851 461
850 462
849 463
848 463
847 464
846 465
845 466
844 467
843 468
842 469
841 470
840 471
839 472
838 473
837 474
837 475
836 476
836 477
835 478
835 479
835 480
834 481
834 482
834 483
834 484
833 485
833 486
833 487
833 488
833 489
833 490
833 491
833 492
833 493
833 494
833 495
833 496
832 497
832 498
831 499
831 500
830 501
829 502
828 503
827 504
826 504
825 505
824 506
823 506
822 507
821 508
820 508
819 509
818 510
817 511
816 512
815 513
814 514
813 514
812 515
811 516
810 517
809 518
808 519
807 520
806 521
805 522
804 522
803 523
802 524
801 525
800 526
799 527
798 528
797 528
796 529
795 530
794 531
793 532
792 532
791 533
790 534
789 535
788 536
787 537
787 538
786 539
785 540
784 541
783 542
782 543
781 544
780 545
779 546
778 547
777 548
776 549
775 550
774 551
773 552
772 553
771 554
770 555
770 556
769 557
768 558
767 559
766 560
766 561
765 562
764 563
764 564
763 565
762 566
761 567
761 568
760 569
760 570
759 571
759 572
759 573
759 574
759 575
760 576
760 577
761 578
761 579
762 580
763 581
764 582
765 583
766 583
767 584
768 584
769 585
770 585
771 585
771 586
771 587
771 588
771 589
771 590
771 591
771 592
771 593
770 594
769 595
768 596
767 596
766 596
765 597
764 597
763 597
762 596
761 595
761 594
760 593
759 592
758 591
757 590
756 590
755 589
754 589
753 588
752 588
751 588
750 588
749 588
748 589
747 589
746 590
745 590
744 591
743 592
742 593
742 594
741 595
741 596
740 597
740 598
739 599
739 600
738 601
737 602
737 603
736 604
735 605
734 606
734 607
733 608
733 609
732 610
732 611
731 612
731 613
731 614
731 615
730 616
730 617
730 618
730 619
730 620
730 621
730 622
730 623
730 624
730 625
730 626
729 627
729 628
729 629
729 630
729 631
729 632
729 633
729 634
729 635
729 636
729 637
729 638
729 639
729 640
729 641
729 642
729 643
729 644
728 645
728 646
727 647
726 648
725 649
724 649
723 650
722 650
721 651
720 651
719 651
718 651
717 652
716 652
715 652
714 653
713 653
712 653
711 654
710 654
709 655
708 655
707 655
706 655
705 656
704 656
703 657
702 657
701 658
700 659
699 660
698 661
697 661
696 662
695 662
694 663
693 663
692 664
691 664
690 665
689 666
688 666
687 667
686 667
685 667
684 668
683 668
682 669
681 669
680 670
679 671
678 671
677 672
676 672
675 673
674 673
673 674
672 674
671 675
670 676
669 677
668 678
668 679
667 680
667 681
666 682
665 683
664 684
663 685
662 686
661 687
660 688
659 689
658 689
657 689
656 690
655 690
654 691
653 691
652 692
651 693
650 694
650 695
649 696
649 697
648 698
648 699
647 700
647 701
646 702
646 703
646 704
646 705
645 706
645 707
645 708
645 709
644 710
644 711
644 712
643 713
643 714
642 715
642 716
641 717
641 718
640 719
640 720
640 721
640 722
640 723
640 724
640 725
640 726
640 727
641 728
641 729
641 730
641 731
642 732
642 733
643 734
643 735
643 736
643 737
643 738
644 739
644 740
644 741
643 742
643 743
643 744
642 745
642 746
641 747
640 748
640 749
639 750
638 751
637 752
636 753
635 753
634 753
633 753
632 753
631 754
630 754
629 755
628 755
627 756
626 756
625 757
624 757
623 758
622 758
621 759
620 759
619 760
618 760
617 761
616 761
615 762
614 763
613 764
613 765
612 766
612 767
611 768
611 769
611 770
611 771
611 772
611 773
610 774
610 775
609 776
609 777
609 778
609 779
609 780
609 781
609 782
609 783
609 784
608 785
608 786
607 787
606 787
605 787
604 787
603 787
602 787
601 787
600 787
599 787
598 787
597 787
596 787
595 787
594 787
593 787
592 787
591 788
590 788
589 789
588 789
587 789
586 790
585 790
584 790
583 790
582 789
581 789
580 789
579 788
578 788
577 787
576 787
575 787
574 787
573 787
572 787
571 787
570 787
569 788
568 788
567 788
566 788
565 788
564 787
563 787
562 787
561 787
560 787
559 786
558 786
557 786
556 785
555 785
554 785
553 784
552 784
551 784
550 784
549 784
548 783
547 783
546 783
545 782
544 782
543 781
542 781
541 781
540 781
539 781
538 781
537 781
536 782
535 782
534 783
533 783
532 784
531 785
530 786
529 787
528 788
527 789
526 789
525 790
524 790
523 790
522 790
521 789
520 788
520 787
519 786
519 785
518 784
517 783
516 782
515 781
514 781
513 780
512 780
511 779
510 779
509 779
508 779
507 779
506 779
505 779
504 778
503 777
503 776
503 775
503 774
503 773
502 772
502 771
502 770
502 769
502 768
502 767
501 766
501 765
500 764
500 763
499 762
498 761
497 760
496 760
495 759
494 759
493 758
492 758
491 758
490 758
489 758
488 759
487 759
486 759
485 760
484 760
483 761
482 761
481 762
480 763
479 764
478 765
477 766
476 767
475 767
474 767
473 768
472 768
471 768
470 768
469 768
468 768
467 768
466 768
465 767
464 767
463 766
462 766
461 765
460 765
459 765
458 765
457 765
456 765
455 765
454 765
453 765
452 765
451 765
450 766
449 766
448 766
447 766
446 766
445 765
444 765
444 764
443 763
443 762
443 761
443 760
443 759
442 758
443 757
443 756
444 755
445 754
446 753
446 752
447 751
447 750
448 749
448 748
448 747
448 746
448 745
448 744
448 743
448 742
448 741
448 740
449 739
449 738
450 737
450 736
450 735
451 734
451 733
451 732
451 731
451 730
451 729
451 728
450 727
450 726
449 725
449 724
449 723
448 722
449 721
449 720
450 719
451 718
452 717
452 716
453 715
453 714
454 713
454 712
455 711
455 710
456 709
456 708
456 707
456 706
457 705
457 704
457 703
457 702
458 701
458 700
458 699
458 698
458 697
459 696
459 695
459 694
460 693
460 692
461 691
461 690
462 689
463 688
464 687
464 686
465 685
465 684
466 683
466 682
467 681
467 680
467 679
467 678
467 677
467 676
467 675
467 674
466 673
466 672
466 671
466 670
466 669
465 668
465 667
465 666
465 665
464 664
464 663
464 662
463 661
463 660
463 659
462 658
462 657
461 656
461 655
460 654
459 653
459 652
458 651
458 650
457 649
456 648
456 647
455 646
454 645
453 644
452 643
451 642
450 641
449 640
448 639
447 638
446 637
445 636
444 635
443 634
442 633
441 633
440 632
439 631
438 630
437 629
436 629
435 628
434 627
433 627
432 626
431 626
430 625
429 624
428 624
427 623
426 623
425 622
424 621
423 621
422 620
421 620
420 619
419 619
418 619
417 618
416 618
415 618
414 617
413 617
412 617
411 616
410 616
409 616
408 615
407 615
406 615
405 614
404 614
403 614
402 614
401 613
400 613
399 613
398 612
397 612
396 611
395 611
394 611
393 610
392 610
391 610
390 609
389 609
388 609
387 608
386 608
385 608
384 607
383 607
382 607
381 607
380 607
379 606
378 606
377 606
376 606
375 606
374 605
373 605
372 605
371 605
370 605
369 605
368 604
367 604
366 604
365 604
364 604
363 604
362 603
361 603
360 603
359 603
358 603
357 603
356 603
355 602
354 602
353 602
352 602
351 602
350 602
349 602
348 602
347 603
346 603
345 603
344 603
343 603
342 603
341 604
340 604
339 604
338 604
337 604
336 605
335 605
334 605
333 605
332 604
331 604
330 603
329 603
328 602
327 602
326 601
325 601
324 600
323 600
322 599
321 599
320 598
319 598
318 598
317 597
316 597
315 597
314 596
313 596
312 595
311 595
310 594
309 594
308 594
307 593
306 593
305 592
304 592
303 592
302 591
301 591
300 590
299 590
298 590
297 589
296 589
295 588
294 587
294 586
293 585
292 584
291 583
290 583
289 582
288 581
288 580
288 579
289 578
289 577
289 576
290 575
290 574
291 573
291 572
292 571
292 570
293 569
293 568
293 567
294 566
294 565
294 564
294 563
294 562
294 561
293 560
293 559
293 558
293 557
293 556
293 555
293 554
293 553
293 552
293 551
293 550
292 549
292 548
292 547
292 546
292 545
292 544
292 543
293 542
293 541
293 540
293 539
293 538
293 537
293 536
292 535
292 534
291 533
291 532
290 531
290 530
290 529
290 528
290 527
290 526
289 525
289 524
289 523
289 522
289 521
289 520
289 519
290 518
290 517
290 516
291 515
292 514
293 513
294 512
295 511
296 510
296 509
297 508
297 507
298 506
298 505
299 504
300 503
300 502
301 501
302 501
303 500
304 499
305 499
306 498
307 498
308 498
309 497
310 497
311 497
312 497
313 497
314 497
315 497
316 496
317 496
318 496
319 495
320 495
321 495
322 494
323 494
324 493
325 493
326 493
327 492
328 492
329 492
330 491
331 491
332 491
333 491
334 491
335 490
336 490
337 490
338 489
339 489
340 489
341 488
342 488
343 487
344 487
345 487
346 486
347 486
348 485
349 485
350 485
351 484
352 484
353 483
354 483
355 482
356 482
357 481
358 481
359 480
360 480
361 479
362 478
363 478
364 477
365 476
366 476
367 475
368 474
369 474
370 473
371 472
372 472
373 471
374 470
375 470
376 469
377 468
378 468
379 467
380 466
381 465
382 465
383 464
384 463
385 462
386 461
387 461
388 460
389 459
390 458
391 457
392 457
393 456
394 455
395 454
396 453
397 452
398 451
399 450
400 449
401 448
402 447
403 446
404 445
405 444
406 443
406 442
407 441
408 440
409 439
410 438
411 438
412 437
413 436
414 435
415 434
416 433
417 433
418 432
419 431
420 430
421 429
422 428
422 427
423 426
424 425
424 424
425 423
426 422
427 421
428 420
429 419
430 418
431 417
431 416
432 415
433 414
434 413
434 412
435 411
436 410
437 409
438 408
439 407
440 406
441 405
442 405
443 404
444 404
445 404
446 403
447 403
448 402
449 402
450 401
451 400
452 400
453 399
454 398
455 397
456 396
457 395
458 394
459 394
460 393
461 392
462 391
462 390
463 389
464 388
464 387
465 386
465 385
466 384
466 383
466 382
467 381
467 380
468 379
468 378
469 377
470 376
471 375
472 374
473 373
474 373
475 373
476 372
477 372
478 373
478 374
479 375
479 376
480 377
480 378
481 379
481 380
482 381
483 382
484 383
485 383
486 384
487 384
488 385
489 385
490 385
491 385
492 385
493 384
494 384
495 383
496 383
497 382
498 382
499 381
500 381
501 380
502 380
503 379
504 379
505 378
506 378
507 377
508 376
509 376
510 375
511 374
512 373
513 372
514 372
515 371
516 370
517 369
518 368
518 367
519 366
519 365
520 364
520 363
520 362
520 361
520 360
520 359
520 358
521 357
522 356
523 355
523 354
524 353
524 352
525 351
525 350
525 349
525 348
525 347
525 346
525 345
526 344
526 343
526 342
527 341
527 340
528 339
528 338
528 337
528 336
529 335
530 334
531 333
532 332
533 332
534 331
535 330
536 329
536 328
537 327
538 326
538 325
539 324
540 323
540 322
541 322
542 321
543 320
544 320
545 320
546 319
547 319
548 318
549 318
550 317
551 316
552 315
552 314
553 313
553 312
554 311
554 310
555 309
556 308
557 307
557 306
558 305
558 304
559 303
559 302
560 301
561 300
561 299
562 298
563 297
563 296
564 295
565 294
566 293
567 293
568 292
569 292
570 292
571 292
572 292
573 293
574 293
575 293
576 293
577 293
578 292
579 292
580 291
581 291
582 290
583 290
584 289
585 288
586 288
587 287
588 286
589 285
590 284
591 283
592 282
593 281
593 280
594 279
595 278
595 277
596 276
597 275
598 274
598 273
599 272
600 271
601 270
601 269
602 268
603 267
603 266
604 265
605 264
605 263
606 262
607 261
608 260
609 259
610 258
611 257
611 256
612 255
613 254
613 253
614 252
615 251
615 250
616 249
617 248
618 248
619 248
620 248
621 249
622 249
623 250
624 250
625 250
626 250
627 250
628 250
629 250
630 249
631 249
632 248
633 248
634 247
635 246
636 245
637 245
638 244
639 244
640 243
641 243
642 242
643 242
644 241
645 241
646 240
647 240
648 239
649 238
650 237
651 236
652 235
653 234
654 234
655 233
656 232
657 231
658 230
659 230
660 229
661 229
662 228
663 228
664 228
665 228
666 228
667 228
668 228
669 228
670 228
671 228
672 228
673 228
674 228
675 228
676 228
677 228
678 228
679 228
680 227
681 227
682 227
683 227
684 227