542 403
543 404
544 404
544 405
545 406
546 407
546 408
547 409
547 410
548 411
548 412
549 413
549 414
550 415
551 416
552 417
553 417
554 418
555 418
556 419
557 419
558 419
559 419
560 419
561 418
562 418
563 417
564 417
565 416
566 415
567 414
568 414
569 413
570 413
571 412
572 412
573 411
574 411
575 411
576 410
577 410
578 410
579 410
580 410
581 410
582 411
583 412
584 413
585 414
586 415
587 415
588 416
589 416
590 417
591 417
592 417
593 417
594 417
595 417
596 417
597 417
598 417
599 417
600 417
601 416
602 416
603 415
604 415
605 414
606 413
607 412
608 412
609 412
610 412
611 412
612 412
613 411
614 411
615 410
616 410
617 409
618 409
619 409
620 410
621 410
622 411
623 412
624 413
625 414
626 414
627 415
628 415
629 416
630 416
631 416
632 416
633 416
634 416
635 416
636 416
637 416
638 416
639 417
640 417
641 418
642 418
643 419
644 419
645 419
646 420
647 421
648 422
649 423
650 423
651 424
652 424
653 425
654 425
655 425
656 425
657 425
658 425
659 425
660 426
661 426
662 427
663 427
664 428
665 429
666 430
667 431
668 431
669 432
670 433
671 433
672 434
673 434
674 435
675 435
676 436
677 436
678 436
679 436
680 436
681 436
682 436
683 436
684 436
685 436
686 436
687 436
688 437
689 437
690 438
691 438
692 439
693 439
694 439
695 439
696 439
697 440
698 440
699 440
700 441
701 441
702 441
703 441
704 441
705 442
706 442
707 443
708 444
709 445
710 446
711 446
712 447
713 448
714 448
715 449
716 449
717 450
718 450
719 450
720 451
721 451
721 452
721 453
721 454
720 455
720 456
720 457
720 458
720 459
720 460
720 461
720 462
720 463
720 464
721 465
721 466
722 467
722 468
723 469
724 470
725 471
726 471
727 472
728 472
729 473
730 473
731 473
732 473
733 473
734 473
735 473
736 473
736 474
737 475
737 476
737 477
738 478
738 479
739 480
739 481
740 482
741 483
742 484
743 484
744 485
745 485
746 486
747 486
748 486
749 486
750 486
751 486
752 486
753 486
754 486
755 486
756 485
757 485
758 485
759 484
760 484
761 484
762 484
763 484
764 484
765 484
766 484
767 484
768 484
769 484
770 483
771 483
772 483
773 483
774 483
775 484
776 484
777 485
778 486
779 487
780 488
781 488
782 489
783 489
784 490
785 490
786 490
787 490
788 490
789 490
790 491
791 491
792 491
793 491
794 491
795 491
796 491
797 491
798 492
799 492
800 492
801 492
802 492
803 492
804 492
805 492
806 492
807 492
808 492
809 492
810 492
811 492
812 492
813 492
814 492
815 493
816 493
817 493
818 493
819 493
820 493
821 493
822 494
823 494
824 494
825 494
826 494
827 494
828 494
829 494
830 494
831 494
832 494
833 494
834 494
835 494
835 495
834 496
834 497
833 498
833 499
833 500
833 501
833 502
833 503
834 504
834 505
835 506
835 507
836 508
837 509
838 510
839 511
840 511
840 512
841 513
841 514
842 515
843 516
844 517
845 517
846 518
847 518
848 519
849 519
850 519
851 519
852 519
853 518
854 519
855 519
856 519
857 520
858 520
859 521
860 521
861 522
862 522
863 522
864 522
865 522
866 521
867 521
868 521
869 521
870 522
871 522
871 523
872 524
873 525
874 526
875 527
876 528
877 529
878 530
879 531
880 531
880 532
881 533
882 534
883 535
884 536
885 536
886 537
887 537
888 538
889 538
890 539
891 540
891 541
892 542
893 543
894 544
895 545
896 546
896 547
897 548
898 549
898 550
898 551
898 552
897 553
897 554
896 555
896 556
896 557
896 558
896 559
896 560
896 561
896 562
896 563
896 564
896 565
896 566
896 567
895 568
894 568
893 568
892 568
891 568
890 567
889 567
888 567
887 567
886 566
885 566
884 566
883 566
882 566
881 566
880 567
879 567
878 568
877 568
876 569
875 570
874 571
873 572
873 573
872 574
872 575
871 576
871 577
871 578
871 579
871 580
871 581
871 582
871 583
871 584
871 585
871 586
872 587
872 588
873 589
873 590
874 591
874 592
875 593
876 594
876 595
877 596
877 597
878 598
877 599
876 598
875 598
874 597
873 596
872 595
871 594
870 594
869 593
868 593
867 592
866 592
865 592
864 592
863 592
862 592
861 592
860 592
859 592
858 591
857 591
856 591
855 591
854 590
853 590
852 590
851 590
850 590
849 590
848 590
847 591
846 591
845 591
844 592
843 592
842 593
841 593
840 594
839 594
838 595
837 595
836 596
835 596
834 597
833 597
832 598
831 598
830 599
829 599
828 599
827 598
826 598
825 598
824 598
823 598
822 599
821 599
820 600
819 600
818 601
817 602
816 603
815 604
814 605
813 606
812 607
811 608
810 609
810 610
809 611
809 612
808 613
808 614
808 615
807 616
807 617
806 618
805 618
804 619
803 620
802 621
801 621
800 622
799 623
798 624
797 625
796 625
795 626
794 627
793 627
792 627
791 628
790 628
789 629
788 629
787 630
786 630
785 630
784 630
783 630
782 631
781 631
780 632
779 632
778 633
777 633
776 634
775 634
774 635
773 636
772 637
771 638
770 637
769 637
768 636
767 635
766 634
765 633
764 632
763 632
762 631
761 630
760 630
759 629
758 628
757 627
756 626
755 625
754 624
753 624
752 623
751 623
750 622
749 622
748 621
747 621
746 621
745 621
744 621
743 621
742 621
741 621
740 621
739 622
738 622
737 623
736 623
735 624
734 625
733 626
732 627
731 628
731 629
730 630
730 631
729 632
729 633
728 634
728 635
728 636
727 637
726 637
725 637
724 636
723 635
723 634
723 633
723 632
723 631
723 630
722 629
722 628
721 627
721 626
720 625
719 624
718 623
717 622
716 622
715 621
714 621
713 620
712 620
711 619
710 619
709 618
708 618
707 617
706 617
705 617
704 617
703 617
702 618
701 618
700 619
699 619
698 620
697 621
696 622
696 623
695 624
695 625
694 626
694 627
694 628
694 629
694 630
693 631
692 631
691 632
690 633
689 633
688 633
687 633
686 632
685 631
684 630
683 629
683 628
682 627
681 626
681 625
680 624
679 623
678 622
677 621
676 621
675 620
674 620
673 619
672 619
671 619
670 619
669 619
668 619
667 620
666 620
665 621
664 621
663 622
662 623
661 624
661 625
660 626
660 627
659 628
659 629
658 630
657 630
656 630
655 630
654 631
653 631
652 632
651 632
650 632
649 632
648 632
647 633
646 633
645 634
644 634
643 635
642 636
641 637
640 638
640 639
639 640
639 641
638 642
637 643
637 644
636 644
636 643
636 642
636 641
636 640
636 639
636 638
636 637
636 636
637 635
637 634
637 633
637 632
637 631
637 630
637 629
638 628
638 627
638 626
638 625
638 624
638 623
638 622
638 621
637 620
637 619
636 618
636 617
635 616
634 615
633 614
632 614
631 613
630 613
629 612
628 612
627 612
626 612
625 612
624 611
623 611
622 610
621 610
620 609
619 609
618 609
617 609
616 609
615 609
614 609
613 609
612 609
611 610
610 610
609 610
608 610
607 610
606 610
605 610
604 611
603 611
602 612
601 612
600 613
599 613
598 613
597 613
596 613
595 613
594 613
593 613
592 613
591 612
590 612
590 611
589 610
588 609
587 608
586 608
585 607
584 607
583 606
582 606
581 606
580 606
579 606
578 606
577 606
576 607
575 607
574 607
573 608
572 608
571 609
570 609
569 610
568 611
567 611
566 612
565 612
564 612
563 612
562 612
561 612
560 612
559 612
558 612
557 613
556 613
555 613
554 614
553 614
552 615
551 615
550 616
549 616
548 616
547 617
546 617
545 618
544 618
543 619
542 620
541 621
540 622
539 623
539 624
538 625
537 625
536 626
535 626
534 627
533 627
532 628
531 629
530 630
529 631
529 632
528 633
527 634
526 635
525 636
524 637
523 637
522 638
521 638
520 637
519 637
518 636
517 636
516 635
515 635
514 635
513 635
512 635
511 635
510 635
509 636
508 636
507 636
506 637
505 637
506 636
506 635
507 634
507 633
508 632
508 631
509 630
509 629
509 628
509 627
509 626
508 625
508 624
507 623
507 622
506 621
505 620
504 619
503 618
502 618
501 617
500 617
500 616
501 615
502 614
503 613
504 612
504 611
505 610
505 609
506 608
506 607
506 606
506 605
506 604
507 603
507 602
508 601
509 600
510 599
511 598
511 597
512 596
512 595
513 594
513 593
513 592
513 591
513 590
512 589
512 588
512 587
512 586
512 585
511 584
511 583
510 582
510 581
509 580
508 579
508 578
507 577
506 576
505 575
504 575
503 574
503 573
503 572
503 571
503 570
502 569
502 568
501 567
501 566
500 565
499 564
498 563
497 563
496 562
495 562
494 561
493 561
492 561
491 561
490 561
490 560
489 559
488 558
487 557
486 557
485 556
484 556
483 555
482 555
481 555
480 555
479 555
478 555
477 555
476 554
475 554
474 553
473 553
472 552
471 552
470 552
469 552
468 552
467 553
466 553
465 554
464 554
463 555
462 556
461 557
461 558
460 559
460 560
459 561
459 562
459 563
459 564
459 565
459 566
459 567
459 568
459 569
458 568
457 567
456 566
455 565
454 565
453 564
452 563
451 563
450 562
449 562
448 561
447 561
446 561
445 561
445 560
445 559
445 558
445 557
444 556
444 555
443 554
443 553
442 552
441 551
440 550
439 550
438 549
437 549
436 548
435 548
434 548
433 548
432 548
431 547
430 547
429 546
428 546
427 546
426 546
425 546
424 546
423 546
422 547
421 547
420 548
419 548
418 549
417 550
416 550
415 551
414 551
413 551
412 551
411 551
410 552
409 552
408 553
407 553
406 554
405 555
404 556
403 557
403 558
402 559
402 560
401 561
401 562
401 563
401 564
400 564
399 564
398 564
397 563
396 562
396 561
395 560
394 559
393 558
392 557
391 557
390 556
389 556
388 555
387 555
386 555
385 555
384 555
383 555
382 556
381 556
380 556
379 555
379 554
378 553
378 552
377 551
377 550
376 549
375 548
374 547
373 546
372 546
371 545
370 545
369 544
368 544
367 544
366 544
365 543
364 543
363 543
362 542
361 542
360 541
359 541
358 540
357 540
356 540
355 540
354 540
353 540
352 541
351 541
350 542
349 542
348 543
347 543
346 544
345 544
344 544
343 544
343 543
343 542
343 541
344 540
344 539
345 538
345 537
346 536
346 535
347 534
347 533
347 532
347 531
347 530
347 529
347 528
347 527
347 526
347 525
347 524
347 523
346 522
346 521
345 520
345 519
344 518
343 517
342 516
341 516
340 515
339 515
338 514
337 514
336 514
335 514
334 514
333 514
332 515
331 515
330 515
329 515
328 515
327 515
326 514
326 513
325 512
325 511
325 510
326 509
327 509
328 508
329 508
330 507
331 506
332 505
333 504
333 503
334 502
334 501
335 500
335 499
335 498
335 497
335 496
334 495
334 494
334 493
334 492
334 491
334 490
334 489
334 488
334 487
335 486
335 485
336 484
336 483
337 482
337 481
337 480
337 479
337 478
337 477
337 476
336 475
336 474
336 473
337 473
338 472
339 471
340 470
340 469
341 468
341 467
342 466
342 465
342 464
342 463
342 462
342 461
341 460
341 459
341 458
341 457
342 456
343 455
344 455
345 454
346 453
347 453
348 453
349 453
350 454
351 454
352 454
353 455
354 455
355 455
356 455
357 456
358 456
359 456
360 456
361 456
362 456
363 456
364 456
365 456
366 456
367 455
368 455
369 454
370 454
371 453
372 452
373 451
374 450
374 449
375 448
375 447
376 446
376 445
376 444
376 443
376 442
376 441
375 440
375 439
375 438
375 437
375 436
375 435
375 434
375 433
375 432
376 431
376 430
376 429
376 428
377 427
377 426
378 425
379 426
380 427
380 428
381 429
381 430
382 431
383 432
384 433
385 434
386 435
387 435
388 436
389 436
390 437
391 437
392 437
393 437
394 437
395 438
396 438
397 438
398 438
399 438
400 439
401 439
402 439
403 439
404 439
405 439
406 439
407 438
408 438
409 437
410 437
411 436
412 435
413 434
414 433
414 432
415 432
416 431
417 431
418 432
418 433
419 434
420 435
421 436
422 437
423 437
424 438
425 438
426 439
427 439
428 439
429 439
430 439
431 439
432 438
433 438
434 437
435 437
436 436
437 435
438 434
438 433
439 432
439 431
440 430
440 429
440 428
440 427
440 426
440 425
439 424
439 423
438 422
438 421
437 420
437 419
437 418
437 417
437 416
438 416
439 415
440 416
441 416
441 417
441 418
442 419
442 420
442 421
442 422
442 423
442 424
443 425
443 426
443 427
444 428
444 429
444 430
444 431
445 432
445 433
446 434
446 435
447 436
448 437
449 438
450 439
451 439
452 440
453 440
454 441
455 441
456 441
457 441
458 441
459 441
460 441
461 441
462 440
463 440
464 440
465 440
466 440
467 440
468 440
469 439
470 439
471 439
472 439
473 439
474 439
475 439
476 439
477 439
478 440
479 440
480 440
481 440
482 440
483 441
484 441
485 441
486 441
487 441
488 441
489 442
490 442
491 442
492 442
493 442
494 441
495 441
496 440
497 440
498 440
499 440
500 440
501 439
502 439
503 438
504 438
505 437
506 436
507 435
507 434
508 433
509 432
510 431
511 430
511 429
512 428
512 427
513 426
514 426
515 426
516 426
517 426
518 426
519 425
520 425
521 424
522 424
523 423
524 422
525 421
525 420
526 419
526 418
527 417
527 416
527 415
527 414
527 413
527 412
527 411
527 410
527 409
528 408
529 408
530 408
531 408
532 408
533 407
534 407
535 407
536 406
537 406
538 405
539 405
540 404
541 403