461 73
462 74
463 74
464 74
465 75
466 75
467 76
468 76
469 77
470 77
471 77
472 77
473 77
474 76
475 76
476 76
477 76
478 76
479 76
480 77
481 77
482 78
483 79
484 80
485 80
486 81
487 81
488 82
489 83
490 84
491 85
491 86
491 87
491 88
491 89
491 90
491 91
491 92
491 93
491 94
492 95
492 96
493 97
493 98
494 99
495 100
496 101
497 101
498 102
499 102
500 103
501 103
502 103
503 103
504 103
505 103
506 103
507 103
508 103
509 103
510 103
511 103
512 103
513 104
513 105
513 106
513 107
513 108
513 109
513 110
513 111
514 112
514 113
515 114
515 115
516 116
517 117
518 118
519 118
520 119
521 119
522 120
523 120
524 121
524 122
525 123
525 124
526 125
526 126
527 127
528 128
528 129
529 130
530 131
530 132
531 133
532 134
533 135
534 135
535 136
536 136
537 137
538 137
539 138
540 138
541 139
542 139
543 140
544 140
545 141
546 141
547 142
548 142
549 143
550 143
551 144
552 144
553 144
554 145
555 145
556 145
557 146
558 146
559 146
560 147
561 147
562 148
562 149
563 150
563 151
564 152
565 153
565 154
566 155
567 156
568 157
569 158
570 159
571 160
572 161
573 162
574 163
574 164
574 165
575 166
575 167
576 168
576 169
577 170
578 171
578 172
579 173
579 174
580 175
580 176
581 177
581 178
582 179
582 180
583 181
583 182
583 183
583 184
583 185
583 186
583 187
584 188
584 189
584 190
585 191
585 192
586 193
586 194
587 195
587 196
588 197
588 198
589 199
589 200
590 201
591 202
592 203
593 204
594 205
595 206
596 207
597 207
598 208
599 209
600 209
601 210
602 210
603 211
604 211
605 211
606 211
607 211
608 211
609 211
610 212
611 213
611 214
611 215
612 216
612 217
612 218
612 219
612 220
613 221
613 222
613 223
613 224
614 225
614 226
615 227
615 228
616 229
617 230
617 231
618 232
618 233
619 234
619 235
619 236
620 237
620 238
621 239
621 240
622 241
623 242
624 243
624 244
625 245
626 246
626 247
627 248
628 249
628 250
629 251
629 252
629 253
629 254
629 255
629 256
629 257
629 258
629 259
629 260
629 261
630 262
630 263
631 264
631 265
631 266
632 267
632 268
633 269
633 270
634 271
634 272
635 273
635 274
635 275
636 276
636 277
637 278
637 279
637 280
638 281
638 282
639 283
639 284
640 285
640 286
641 287
641 288
642 289
642 290
643 291
644 292
644 293
645 294
646 295
647 296
648 297
649 297
650 298
651 298
652 299
653 299
654 299
655 299
656 299
657 299
658 299
659 298
660 298
661 297
662 297
663 298
663 299
663 300
663 301
663 302
664 303
664 304
665 305
665 306
666 307
667 308
667 309
668 310
668 311
668 312
667 313
667 314
666 315
666 316
666 317
666 318
666 319
666 320
667 321
667 322
668 323
668 324
669 325
669 326
670 327
670 328
671 329
672 330
673 331
673 332
674 333
675 334
675 335
676 336
676 337
677 338
678 339
679 340
680 341
680 342
681 343
682 344
682 345
683 346
684 347
684 348
685 349
686 350
687 351
688 352
689 353
690 354
691 355
692 355
693 356
694 357
695 358
696 359
697 360
698 361
699 362
700 363
701 364
702 365
703 366
704 367
705 368
706 369
707 370
708 371
709 371
710 372
711 372
712 373
713 374
714 374
715 375
716 376
717 377
718 378
719 378
720 379
721 380
722 381
723 381
724 382
725 382
726 383
727 384
728 384
729 385
730 385
731 386
732 386
733 386
734 387
735 387
736 387
737 387
738 388
739 388
740 388
741 388
742 389
743 389
744 390
745 390
746 391
747 391
748 392
749 393
750 393
751 394
752 394
753 395
754 395
755 396
756 396
757 396
758 397
759 397
760 397
761 398
762 399
763 399
764 400
765 400
766 401
767 401
768 401
769 401
770 401
771 400
772 400
773 399
774 399
775 399
776 399
777 400
778 401
779 402
780 402
781 403
782 404
783 405
784 406
785 407
786 407
787 408
788 408
789 409
790 409
791 410
792 410
793 410
794 410
795 410
796 410
797 410
798 410
799 410
800 410
801 410
802 410
803 410
804 410
805 409
806 409
807 408
808 408
809 407
810 406
811 405
812 404
812 403
813 402
813 401
814 400
814 399
815 398
815 397
815 396
815 395
815 394
816 393
817 392
818 391
819 390
820 389
821 388
822 388
823 388
824 388
825 388
826 389
826 390
826 391
827 392
827 393
828 394
828 395
828 396
828 397
828 398
828 399
828 400
827 401
827 402
827 403
826 404
825 405
824 406
824 407
823 408
822 409
821 410
821 411
820 412
819 413
819 414
818 415
818 416
817 417
817 418
817 419
817 420
817 421
818 422
818 423
819 424
819 425
820 426
821 427
822 428
823 429
824 429
825 430
826 430
827 431
828 431
829 431
830 431
831 431
832 431
833 432
834 433
835 434
836 435
837 436
838 437
839 438
840 438
841 439
842 439
843 440
844 440
845 440
846 440
847 440
848 441
849 441
850 442
851 443
852 444
853 445
854 446
855 447
856 447
857 448
858 448
859 449
860 449
861 449
862 449
863 449
864 450
865 450
866 451
867 451
868 451
869 452
870 452
871 452
872 453
873 453
874 453
875 454
876 455
876 456
876 457
875 458
875 459
874 460
874 461
873 462
872 463
871 463
870 464
869 465
868 465
867 466
866 467
865 468
865 469
864 470
864 471
863 472
863 473
863 474
863 475
863 476
863 477
863 478
863 479
863 480
863 481
863 482
862 483
862 484
861 485
860 486
859 487
858 488
857 489
857 490
856 491
856 492
855 493
855 494
855 495
855 496
855 497
856 498
856 499
857 500
857 501
858 502
859 503
860 504
861 505
862 505
863 506
864 506
865 507
866 508
867 508
868 509
869 510
870 510
871 511
872 512
873 513
874 514
874 515
875 516
875 517
876 518
876 519
877 520
877 521
878 522
878 523
879 524
880 525
881 526
882 526
883 527
884 527
885 528
886 528
887 529
888 529
889 530
890 530
891 530
892 530
893 531
894 531
894 532
894 533
894 534
893 535
892 536
891 537
890 537
889 538
888 538
887 539
886 539
885 540
884 541
883 542
883 543
882 544
882 545
881 546
881 547
881 548
881 549
881 550
881 551
881 552
882 553
882 554
883 555
883 556
884 557
884 558
885 559
885 560
885 561
886 562
886 563
887 564
887 565
888 566
888 567
889 568
890 569
891 570
892 570
893 571
894 571
895 572
896 572
897 572
898 572
899 573
900 573
901 573
902 573
903 573
904 573
905 573
906 574
905 575
905 576
904 577
904 578
903 579
902 580
901 581
900 582
899 583
899 584
898 585
898 586
897 587
897 588
897 589
897 590
897 591
897 592
897 593
897 594
897 595
896 596
895 597
894 598
893 599
892 599
891 600
890 600
889 600
888 601
887 601
886 601
885 602
884 602
883 603
882 603
881 604
880 604
879 605
878 606
877 606
876 607
875 608
874 609
873 610
872 610
871 611
870 612
869 612
868 613
867 614
866 615
865 616
864 617
864 618
863 619
862 620
861 621
860 621
859 621
858 621
857 621
856 620
855 620
854 619
853 619
852 618
851 618
850 618
849 617
848 617
847 617
846 617
845 617
844 618
843 618
842 619
841 619
840 620
839 621
838 622
837 622
836 623
835 624
834 624
833 625
832 625
831 626
830 627
829 628
829 629
828 630
828 631
827 632
827 633
827 634
827 635
827 636
827 637
826 638
826 639
825 640
824 640
823 640
822 641
821 641
820 642
819 642
818 643
817 644
816 645
816 646
815 647
815 648
814 649
814 650
814 651
814 652
814 653
814 654
814 655
815 656
815 657
815 658
816 659
816 660
816 661
816 662
817 663
817 664
818 665
818 666
819 667
819 668
820 669
820 670
821 671
822 672
822 673
823 674
824 675
825 676
825 677
826 678
827 679
828 680
829 681
830 682
831 683
832 684
833 685
834 686
835 686
836 687
837 688
838 689
839 690
840 691
841 692
842 692
843 693
843 694
844 695
844 696
845 697
845 698
846 699
847 700
848 701
849 702
850 703
851 704
852 705
853 705
854 706
855 707
856 707
857 708
858 708
859 709
860 710
861 710
862 711
863 712
864 713
864 714
865 715
866 716
866 717
867 718
868 719
869 720
870 721
871 722
872 723
873 724
874 724
874 725
875 726
875 727
875 728
875 729
875 730
875 731
875 732
875 733
876 734
876 735
877 736
877 737
878 738
878 739
879 740
880 741
881 742
882 743
883 743
884 744
885 745
886 746
887 747
888 748
889 749
890 750
891 750
892 751
893 752
894 753
895 753
896 754
897 755
898 755
899 756
900 756
901 757
902 758
903 758
904 759
905 760
906 760
907 761
908 762
909 762
910 763
911 763
912 764
913 764
914 764
915 765
916 765
917 765
918 766
919 766
920 767
921 767
922 768
923 768
924 768
925 769
926 769
927 770
928 770
929 770
930 771
931 771
932 772
933 772
934 773
935 773
936 773
937 773
938 773
939 773
940 773
941 774
941 775
941 776
941 777
941 778
941 779
941 780
942 781
942 782
943 783
943 784
944 785
945 786
946 787
947 787
948 788
948 789
949 790
949 791
949 792
949 793
949 794
949 795
948 796
948 797
948 798
948 799
948 800
948 801
949 802
949 803
950 804
950 805
951 806
952 807
953 808
954 809
955 809
956 810
957 810
958 811
959 812
960 813
961 814
962 815
963 816
963 817
963 818
963 819
962 820
961 821
961 822
960 823
960 824
959 825
959 826
959 827
959 828
959 829
959 830
960 831
960 832
960 833
960 834
960 835
959 836
958 836
957 836
956 836
955 836
954 836
953 837
952 837
951 838
950 838
949 839
948 840
947 841
947 842
946 843
946 844
945 845
945 846
945 847
945 848
945 849
946 850
946 851
947 852
947 853
948 854
949 855
949 856
950 857
950 858
951 859
951 860
952 861
952 862
952 863
952 864
952 865
951 865
950 865
949 865
948 865
947 865
946 865
945 865
944 865
943 865
942 866
941 866
940 867
939 867
938 868
937 868
936 869
935 870
934 871
934 872
933 872
932 873
931 874
930 874
929 874
928 874
927 874
926 874
925 873
924 873
923 872
922 872
921 871
920 871
919 871
918 870
917 870
916 870
915 870
914 870
913 869
912 869
911 868
910 867
909 867
908 866
907 865
906 865
905 864
904 864
903 863
902 863
901 863
900 863
899 863
898 864
897 864
896 865
895 865
894 865
893 866
892 866
891 867
890 867
889 868
888 869
887 870
886 870
885 871
884 871
883 872
882 872
881 872
880 871
879 871
878 871
877 871
876 871
875 871
874 872
873 872
872 873
871 873
870 874
869 875
868 876
868 877
867 878
867 879
866 880
865 881
864 881
863 882
862 882
861 883
860 883
859 884
858 884
857 885
856 886
855 887
854 888
854 889
853 889
852 890
851 889
850 889
850 888
849 887
849 886
848 885
848 884
848 883
848 882
848 881
848 880
847 879
847 878
846 877
846 876
845 875
844 874
843 873
842 873
841 872
840 872
839 871
838 871
837 871
836 871
835 871
834 872
833 872
832 873
831 873
830 873
829 873
828 872
827 872
826 871
826 870
825 869
825 868
824 867
824 866
824 865
824 864
824 863
824 862
824 861
824 860
824 859
824 858
824 857
824 856
824 855
824 854
823 853
823 852
823 851
822 850
822 849
822 848
821 847
821 846
820 845
820 844
819 843
818 842
817 841
817 840
816 839
815 838
814 837
813 836
812 835
811 835
810 834
809 833
808 832
807 831
806 831
805 830
804 829
803 829
802 828
801 827
800 827
799 826
798 825
797 825
796 824
795 824
794 823
793 823
792 822
791 822
790 821
789 821
788 821
787 821
786 821
785 821
784 821
783 821
782 821
781 820
780 820
779 820
778 819
777 818
777 817
776 816
776 815
775 814
775 813
774 812
774 811
773 810
773 809
772 808
771 807
770 806
769 805
768 805
767 804
766 804
765 803
764 803
763 803
762 803
761 803
760 804
759 803
759 802
758 801
758 800
758 799
757 798
757 797
757 796
757 795
756 794
756 793
756 792
756 791
756 790
755 789
755 788
755 787
754 786
754 785
753 784
753 783
752 782
751 781
751 780
750 779
750 778
749 777
748 776
748 775
747 774
746 773
745 772
744 771
744 770
743 769
742 768
742 767
741 766
741 765
740 764
740 763
739 762
739 761
738 760
737 759
736 758
736 757
735 756
734 755
734 754
733 753
732 752
731 751
731 750
730 749
729 748
729 747
728 746
727 745
726 744
725 743
725 742
724 741
723 740
723 739
722 738
721 737
720 736
719 735
718 734
717 733
716 732
715 731
714 730
713 729
712 728
711 727
710 726
709 725
708 725
707 724
706 724
705 723
704 722
703 722
702 721
701 721
700 720
699 719
698 719
697 718
696 717
695 716
694 715
693 714
692 714
691 713
690 712
689 712
688 711
687 711
686 710
685 709
684 708
683 707
682 707
681 706
680 705
679 704
678 703
677 702
676 702
675 701
674 700
673 700
672 699
671 698
670 697
669 696
668 695
667 694
666 693
665 692
664 691
663 691
662 690
661 689
660 689
659 688
658 688
657 687
656 687
655 686
654 686
653 685
652 684
651 683
650 682
649 682
648 681
647 681
646 680
645 680
644 680
643 680
642 680
641 681
640 681
639 681
638 681
637 681
636 681
636 680
636 679
636 678
636 677
636 676
636 675
635 674
635 673
634 672
634 671
633 670
632 669
631 668
630 667
629 666
628 665
627 664
626 664
625 663
624 662
623 661
622 660
621 659
620 658
619 657
618 656
617 655
616 654
615 653
614 652
613 651
612 650
611 649
610 649
609 648
608 648
607 647
606 647
605 646
604 646
603 646
602 645
601 644
600 643
599 642
598 641
597 640
596 639
595 638
594 638
593 637
592 637
591 636
590 635
589 635
588 634
587 633
586 632
585 631
584 630
583 629
582 628
581 627
580 627
579 626
578 626
577 625
576 625
575 624
574 624
573 624
572 624
571 624
570 625
569 625
568 626
567 626
566 627
565 628
564 629
564 630
563 631
562 631
561 631
561 630
561 629
562 628
562 627
563 626
563 625
563 624
563 623
563 622
562 621
562 620
561 619
561 618
560 617
559 616
558 615
557 615
556 614
555 614
554 613
553 613
552 613
551 613
550 613
549 612
548 611
547 611
546 610
545 610
544 609
543 609
542 609
541 609
540 609
539 609
538 609
537 609
536 609
535 609
534 609
533 609
532 610
531 610
530 611
529 611
528 612
527 613
526 614
525 615
524 614
524 613
523 612
523 611
522 610
522 609
521 608
520 607
519 606
518 605
517 604
516 604
515 603
514 603
513 602
512 602
511 601
510 601
509 600
508 600
507 599
506 599
505 599
504 599
503 599
502 600
501 600
500 600
499 599
499 598
499 597
499 596
499 595
499 594
499 593
498 592
498 591
497 590
497 589
496 588
495 587
494 586
493 586
492 585
491 585
490 584
489 584
488 584
487 584
486 584
485 585
484 585
483 586
482 586
481 586
480 587
479 587
478 587
477 586
477 585
477 584
477 583
476 582
476 581
475 580
475 579
474 578
474 577
473 576
472 575
471 574
470 573
469 572
468 571
467 570
466 569
465 569
464 568
463 568
462 567
461 567
460 567
459 567
458 567
457 566
456 566
455 566
454 566
453 565
452 565
451 565
450 565
449 565
449 564
449 563
449 562
449 561
449 560
449 559
449 558
449 557
449 556
449 555
449 554
449 553
448 552
448 551
447 550
447 549
446 548
445 547
444 546
443 545
442 544
442 543
441 542
441 541
440 540
440 539
439 538
438 537
437 536
437 535
436 534
435 533
434 532
434 531
433 530
432 529
431 528
430 527
429 526
428 525
427 524
426 523
425 523
424 522
423 521
422 521
421 520
420 519
419 518
418 517
417 516
417 515
416 514
416 513
415 512
415 511
415 510
415 509
415 508
415 507
415 506
416 505
416 504
417 504
418 503
419 503
420 503
421 503
422 503
423 503
424 503
425 503
426 503
427 503
428 503
429 503
430 503
431 503
432 503
433 502
434 502
435 501
436 501
437 500
438 499
439 498
440 497
440 496
441 495
442 494
442 493
443 492
443 491
444 490
444 489
445 488
445 487
446 486
446 485
446 484
447 483
447 482
447 481
447 480
447 479
447 478
447 477
447 476
447 475
446 474
446 473
446 472
446 471
446 470
445 469
445 468
445 467
444 466
444 465
443 464
443 463
443 462
442 461
442 460
441 459
441 458
440 457
440 456
439 455
439 454
438 453
438 452
437 451
437 450
436 449
436 448
435 447
434 446
433 445
433 444
432 443
431 442
430 441
429 440
429 439
428 438
427 437
427 436
426 435
426 434
426 433
425 432
425 431
424 430
424 429
423 428
423 427
422 426
422 425
421 424
421 423
420 422
420 421
419 420
419 419
419 418
419 417
418 416
418 415
417 414
417 413
416 412
416 411
415 410
414 409
413 408
413 407
413 406
413 405
412 404
412 403
412 402
411 401
411 400
410 399
410 398
409 397
408 396
408 395
407 394
406 393
405 392
404 391
403 390
402 389
401 388
400 387
399 386
398 385
397 384
397 383
396 382
395 381
394 380
394 379
393 378
392 377
392 376
391 375
391 374
390 373
390 372
389 371
388 370
387 369
386 368
385 367
384 366
383 365
382 365
381 364
380 363
379 362
378 362
377 361
377 360
376 359
375 358
375 357
374 356
374 355
374 354
373 353
373 352
372 351
372 350
371 349
371 348
370 347
369 346
369 345
368 344
367 343
366 342
365 342
364 341
363 340
362 339
361 338
360 337
359 336
358 335
357 334
357 333
356 332
355 331
354 330
353 329
352 328
351 327
350 326
349 326
348 325
347 324
347 323
346 322
346 321
345 320
344 319
343 318
342 317
341 316
340 315
339 314
338 313
337 312
336 311
335 310
334 309
333 309
332 308
331 308
330 307
329 306
328 306
328 305
327 304
326 303
326 302
325 301
325 300
324 299
324 298
323 297
322 296
322 295
321 294
320 293
319 292
319 291
318 290
317 289
317 288
316 287
315 286
314 285
313 284
312 283
311 282
310 282
310 281
309 280
308 279
308 278
307 277
307 276
306 275
306 274
305 273
305 272
304 271
304 270
303 269
303 268
302 267
302 266
302 265
302 264
302 263
302 262
302 261
302 260
302 259
302 258
301 257
301 256
300 255
300 254
299 253
298 252
298 251
297 250
296 249
295 248
294 248
293 247
292 246
291 245
290 244
289 243
288 242
288 241
287 240
286 239
286 238
285 237
284 236
284 235
285 234
286 233
287 232
287 231
288 230
288 229
289 228
289 227
289 226
289 225
289 224
289 223
289 222
289 221
289 220
288 219
288 218
288 217
288 216
287 215
287 214
286 213
286 212
285 211
285 210
284 209
283 208
282 207
281 206
280 205
279 204
278 204
277 203
276 203
275 202
274 202
273 202
272 201
271 201
270 201
269 200
268 200
267 199
266 199
265 198
264 198
263 198
262 197
261 196
261 195
262 194
262 193
263 192
264 191
264 190
265 189
265 188
266 187
266 186
267 185
268 184
269 183
270 182
271 181
272 180
273 179
274 178
274 177
275 176
275 175
276 174
277 173
278 173
279 172
280 172
281 172
282 173
283 173
284 173
285 173
286 173
287 173
288 173
289 172
290 172
291 171
292 171
293 170
294 169
295 168
296 168
297 167
298 166
299 166
300 166
301 166
302 166
303 165
304 165
305 164
306 164
307 163
308 163
309 163
310 162
311 162
312 162
313 161
314 161
315 161
316 161
317 160
318 161
319 161
320 161
321 161
322 161
323 161
324 161
325 161
326 161
327 161
328 161
329 161
330 161
331 161
332 161
333 160
334 160
335 159
336 159
337 158
338 157
339 157
340 156
341 156
342 155
343 155
344 154
345 154
346 153
347 153
348 153
349 153
350 153
351 152
352 152
353 152
354 152
355 152
356 152
357 152
358 151
359 151
360 151
361 151
362 151
363 151
364 151
365 151
366 151
367 150
368 150
369 150
370 150
371 149
372 149
373 149
374 148
375 148
376 147
377 147
378 147
379 146
380 146
381 146
382 146
383 146
384 146
385 146
386 146
387 145
388 145
389 144
390 144
391 144
392 144
393 144
394 144
395 144
396 144
397 144
398 144
399 144
400 143
401 143
402 143
403 143
404 142
405 142
406 142
407 142
408 142
409 142
410 142
411 142
412 142
413 142
414 142
415 141
416 141
417 141
418 141
419 140
420 140
421 139
422 139
423 138
424 137
425 136
426 135
427 134
428 133
429 132
430 131
430 130
431 129
431 128
432 127
432 126
432 125
432 124
432 123
432 122
432 121
432 120
432 119
432 118
432 117
432 116
432 115
433 114
433 113
433 112
433 111
433 110
434 109
434 108
435 107
435 106
435 105
436 104
436 103
437 102
437 101
437 100
437 99
438 98
438 97
438 96
438 95
438 94
438 93
437 92
437 91
437 90
437 89
437 88
437 87
437 86
438 86
439 86
440 86
441 86
442 85
443 85
444 84
445 84
446 83
447 82
448 81
449 80
450 79
450 78
451 77
452 76
453 75
454 74
455 73
456 73
457 73
458 73
459 73
460 73