618 127
619 128
620 129
620 130
621 131
622 132
623 133
624 134
625 135
626 135
627 136
628 136
629 137
630 137
631 137
632 138
633 138
634 138
635 138
636 138
637 138
638 138
639 137
640 137
641 137
642 137
643 137
644 137
645 136
646 136
647 136
648 135
649 135
650 135
651 136
652 136
653 136
654 137
655 137
656 138
657 139
658 140
659 140
660 141
661 141
662 142
663 142
664 143
665 143
666 143
667 143
668 144
669 144
670 144
671 145
672 145
673 145
674 145
675 145
675 146
676 147
676 148
677 149
677 150
678 151
679 152
680 153
681 153
682 154
683 155
684 155
685 156
686 157
687 157
688 158
688 159
689 160
690 161
691 162
692 162
693 163
694 163
695 164
696 164
697 164
698 164
699 165
700 166
701 166
702 167
703 168
703 169
703 170
703 171
703 172
703 173
704 174
704 175
705 176
705 177
706 178
707 179
708 180
709 180
710 181
711 181
712 182
713 182
714 182
715 182
716 182
717 182
718 182
719 182
720 182
721 182
722 182
723 182
724 182
725 182
726 182
727 182
728 182
729 182
730 182
731 183
732 183
733 184
734 184
735 185
736 185
737 185
738 186
739 186
740 186
741 186
742 187
743 187
744 187
745 187
746 187
747 187
748 188
749 188
750 188
751 189
752 189
753 189
754 189
755 189
756 189
757 188
758 188
759 187
760 187
761 186
762 185
763 184
763 183
764 183
765 183
766 184
767 185
768 186
769 186
770 187
771 187
772 188
773 188
774 188
775 189
776 189
777 189
778 189
779 189
780 190
781 190
782 190
783 190
784 190
785 190
786 190
787 190
788 191
789 191
790 192
791 192
792 193
793 193
794 194
795 194
796 195
797 195
798 195
799 195
800 195
801 195
802 195
803 195
804 194
805 194
806 193
807 193
808 194
809 195
809 196
810 197
811 198
812 199
812 200
813 201
814 202
814 203
815 204
816 205
817 206
818 206
819 207
820 207
821 208
822 208
823 209
824 210
825 211
826 212
826 213
827 214
828 215
829 216
830 217
831 218
832 218
833 219
834 219
835 220
835 221
835 222
835 223
835 224
834 225
833 226
833 227
832 228
832 229
831 230
831 231
830 232
830 233
829 234
829 235
829 236
829 237
829 238
829 239
829 240
830 241
830 242
831 243
831 244
832 245
832 246
833 247
834 248
834 249
835 250
835 251
836 252
836 253
836 254
836 255
837 256
837 257
838 258
838 259
839 260
840 261
841 262
842 263
843 264
844 265
845 266
846 267
846 268
847 269
847 270
848 271
848 272
848 273
849 274
849 275
850 276
850 277
851 278
851 279
852 280
852 281
852 282
852 283
851 284
850 285
849 286
848 287
847 288
847 289
846 290
846 291
845 292
845 293
845 294
845 295
845 296
845 297
845 298
846 299
846 300
846 301
846 302
846 303
846 304
846 305
846 306
847 307
847 308
847 309
848 310
848 311
848 312
848 313
849 314
849 315
849 316
849 317
850 318
850 319
851 320
851 321
852 322
853 323
854 324
855 325
856 325
857 326
858 327
858 328
858 329
857 330
856 331
855 332
854 333
853 334
852 335
852 336
851 337
851 338
850 339
850 340
850 341
850 342
850 343
849 344
849 345
849 346
849 347
848 348
848 349
848 350
847 351
847 352
847 353
846 354
846 355
845 356
845 357
844 358
844 359
843 360
843 361
843 362
843 363
843 364
844 365
844 366
845 367
845 368
845 369
846 370
846 371
846 372
847 373
847 374
848 375
847 376
847 377
847 378
846 379
845 380
844 381
843 382
843 383
842 384
842 385
841 386
841 387
840 388
840 389
840 390
840 391
840 392
840 393
841 394
841 395
841 396
841 397
841 398
841 399
840 400
840 401
840 402
840 403
840 404
839 405
839 406
838 407
837 407
836 408
835 409
834 409
833 410
832 411
831 412
830 413
829 414
829 415
828 416
828 417
827 418
827 419
826 420
825 421
825 422
824 423
824 424
823 425
822 426
822 427
821 428
821 429
820 430
820 431
820 432
819 433
819 434
819 435
819 436
818 437
818 438
817 439
817 440
816 441
816 442
815 443
815 444
814 445
814 446
814 447
813 448
813 449
813 450
812 451
811 452
811 453
810 454
809 455
809 456
808 457
808 458
807 459
807 460
806 461
806 462
806 463
805 464
805 465
805 466
805 467
804 468
804 469
804 470
804 471
804 472
804 473
805 474
805 475
805 476
805 477
805 478
805 479
805 480
805 481
805 482
805 483
805 484
805 485
804 486
804 487
804 488
803 489
803 490
803 491
802 492
802 493
802 494
802 495
801 496
801 497
801 498
801 499
800 500
800 501
800 502
799 503
799 504
798 505
798 506
798 507
797 508
797 509
796 510
796 511
795 512
794 513
794 514
793 515
793 516
792 517
791 518
790 519
789 520
788 521
787 521
786 522
785 523
784 523
783 524
782 525
781 526
780 527
779 528
778 528
777 529
776 530
775 530
774 531
773 532
772 533
771 534
770 535
769 536
768 537
767 538
767 539
766 540
766 541
765 542
765 543
764 544
764 545
764 546
764 547
763 548
763 549
763 550
762 551
761 552
760 552
759 553
758 554
757 554
756 555
755 556
754 556
753 557
752 558
751 559
750 560
749 560
748 561
747 562
746 563
746 564
745 565
745 566
744 567
744 568
743 569
743 570
742 571
742 572
742 573
741 574
740 575
739 576
738 577
737 577
736 578
735 579
734 579
733 580
732 581
731 581
730 582
729 582
728 583
727 583
726 584
725 585
724 585
723 586
722 586
721 587
720 587
719 587
718 588
717 588
716 588
715 588
714 588
713 588
712 589
711 589
710 589
709 590
708 590
707 591
706 591
705 592
704 592
703 593
702 594
701 595
700 596
700 597
699 598
699 599
698 600
697 601
696 601
695 602
694 602
693 603
692 603
691 604
690 604
689 604
688 604
687 604
686 605
685 605
684 606
683 606
682 607
681 607
680 608
679 609
678 609
677 610
676 611
675 611
674 612
673 612
672 613
671 613
670 613
669 614
668 614
667 614
666 615
665 615
664 615
663 615
662 615
661 616
660 616
659 616
658 617
657 617
656 618
655 618
654 619
653 620
652 621
651 622
650 623
649 624
648 625
647 626
646 627
645 628
644 629
643 630
642 631
642 632
641 633
641 634
640 635
640 636
639 637
638 638
637 639
636 639
635 640
634 641
633 642
633 643
632 644
631 645
630 646
630 647
629 648
629 649
628 650
628 651
627 652
627 653
626 654
626 655
626 656
626 657
626 658
625 659
625 660
625 661
624 662
623 663
622 663
621 663
620 663
619 663
618 662
617 662
616 661
615 661
614 661
613 661
612 661
611 661
610 661
609 661
608 661
607 662
606 662
605 663
604 663
603 664
602 664
601 665
600 666
599 667
598 668
597 669
596 670
595 671
594 672
593 673
592 674
591 675
590 676
590 677
589 678
589 679
588 680
588 681
587 682
587 683
586 684
585 685
584 686
583 687
582 688
581 688
580 689
579 689
578 690
577 690
576 691
575 692
574 693
574 694
573 695
572 696
571 697
570 697
569 698
568 698
567 699
566 699
565 700
564 700
563 701
562 702
561 703
560 704
560 705
559 706
559 707
558 708
558 709
557 710
557 711
557 712
556 713
556 714
556 715
556 716
555 717
555 718
555 719
554 720
554 721
553 722
553 723
552 724
551 725
551 726
550 727
549 728
548 729
547 730
546 731
545 732
544 733
543 734
543 735
542 736
542 737
541 738
541 739
540 740
540 741
539 742
539 743
538 744
538 745
537 746
536 747
536 748
535 749
534 750
533 751
532 752
531 753
530 754
529 755
528 755
527 756
526 757
525 757
524 758
523 759
522 760
521 761
520 762
519 763
518 764
517 765
516 766
516 767
515 768
514 769
513 770
512 771
511 772
511 773
510 774
510 775
509 776
509 777
508 778
508 779
508 780
507 781
507 782
507 783
507 784
507 785
506 786
506 787
506 788
505 789
505 790
504 791
504 792
503 793
503 794
502 795
501 796
501 797
500 798
499 799
498 800
498 801
497 802
496 803
496 804
495 805
495 806
494 807
494 808
493 809
493 810
493 811
492 812
492 813
492 814
491 815
491 816
490 817
489 818
488 819
487 820
486 821
485 822
484 823
484 824
483 825
482 826
481 827
480 827
479 828
478 829
477 830
476 831
475 832
474 833
473 834
473 835
472 836
472 837
471 838
471 839
471 840
471 841
471 842
471 843
471 844
470 845
470 846
470 847
469 848
469 849
468 850
468 851
467 852
466 853
465 854
464 855
464 856
463 857
463 858
462 859
462 860
462 861
461 862
461 863
460 864
460 865
460 866
459 867
459 868
459 869
459 870
459 871
459 872
459 873
459 874
459 875
459 876
459 877
458 878
457 879
456 880
455 881
454 882
454 883
453 884
452 885
452 886
451 887
450 888
449 889
449 890
448 891
448 892
447 893
447 894
446 895
446 896
445 897
445 898
444 899
444 900
443 901
442 902
441 903
440 903
439 904
438 905
437 905
436 906
435 906
434 906
433 906
432 907
431 906
430 906
429 906
428 905
427 904
426 904
425 903
424 903
423 902
422 902
421 902
420 902
419 902
418 902
417 902
416 902
415 903
414 903
413 904
412 904
411 905
410 905
409 906
408 906
407 907
406 907
405 907
404 907
403 907
402 907
401 907
400 906
400 905
400 904
400 903
400 902
400 901
400 900
401 899
402 898
402 897
403 896
403 895
404 894
404 893
404 892
404 891
404 890
404 889
403 888
403 887
402 886
402 885
401 884
400 883
399 882
398 882
397 881
396 881
395 880
394 880
393 880
392 880
391 879
390 879
389 879
388 879
387 879
386 878
385 878
384 878
383 878
382 877
381 877
380 877
379 877
378 877
377 877
376 877
375 877
374 878
373 878
372 879
371 879
370 880
369 880
368 881
367 882
366 883
365 883
364 884
363 884
362 884
361 884
360 883
359 882
359 881
359 880
358 879
358 878
358 877
358 876
358 875
358 874
358 873
358 872
358 871
358 870
358 869
358 868
358 867
358 866
359 865
359 864
359 863
359 862
359 861
359 860
359 859
358 858
358 857
357 856
357 855
356 854
356 853
355 852
355 851
354 850
354 849
354 848
354 847
354 846
354 845
354 844
354 843
354 842
355 841
355 840
355 839
355 838
356 837
356 836
356 835
356 834
356 833
356 832
356 831
356 830
356 829
356 828
356 827
356 826
357 825
357 824
358 823
358 822
359 821
360 820
361 819
362 818
363 817
364 816
364 815
365 814
365 813
366 812
366 811
367 810
367 809
368 808
369 807
369 806
370 805
371 804
372 803
373 802
374 801
374 800
375 799
376 798
377 798
378 797
379 796
380 796
381 795
382 794
383 794
384 793
385 792
386 792
387 791
388 790
389 789
390 788
391 787
391 786
392 785
392 784
393 783
393 782
394 781
394 780
395 779
395 778
395 777
396 776
396 775
397 774
397 773
397 772
398 771
398 770
398 769
399 768
399 767
399 766
400 765
400 764
400 763
401 762
401 761
401 760
402 759
402 758
402 757
402 756
402 755
402 754
403 753
404 752
405 751
406 750
407 749
408 748
409 747
409 746
410 745
411 744
412 743
413 742
414 741
415 740
416 739
416 738
417 737
418 736
419 735
420 734
421 733
422 732
423 731
423 730
424 729
425 728
426 727
426 726
427 725
428 724
428 723
429 722
430 721
430 720
431 719
432 718
433 717
433 716
434 715
435 714
435 713
436 712
436 711
437 710
437 709
437 708
438 707
438 706
439 705
439 704
440 703
440 702
440 701
441 700
441 699
442 698
442 697
442 696
442 695
443 694
443 693
443 692
444 691
444 690
444 689
444 688
444 687
444 686
444 685
444 684
444 683
444 682
444 681
443 680
443 679
442 678
442 677
441 676
441 675
440 674
440 673
439 672
438 671
437 670
436 669
435 669
434 668
433 668
432 667
431 667
430 667
429 667
429 666
429 665
429 664
429 663
429 662
429 661
429 660
429 659
429 658
429 657
429 656
429 655
429 654
428 653
428 652
427 651
427 650
426 649
425 648
424 647
423 646
422 645
421 645
420 644
419 644
418 643
417 643
416 643
415 643
414 643
413 643
412 643
411 643
410 643
409 643
408 643
407 643
406 643
405 643
404 644
403 644
402 645
401 645
400 645
399 645
398 644
397 643
396 643
395 642
394 642
393 641
392 641
391 641
390 641
389 641
388 641
387 641
386 640
385 640
384 640
383 640
382 639
381 638
380 638
379 637
378 637
377 636
376 636
375 635
374 635
373 634
372 634
371 633
370 633
369 633
368 632
367 632
366 632
365 631
364 631
363 630
362 629
362 628
361 627
360 626
359 625
358 624
357 623
356 622
355 622
354 621
353 621
352 620
351 620
350 619
349 619
348 619
347 619
346 619
345 619
344 620
343 620
342 620
341 620
340 620
339 620
338 620
337 620
336 619
335 619
334 618
333 618
332 618
331 617
330 617
329 616
328 616
327 616
326 616
325 616
324 616
323 616
322 616
321 616
320 616
319 616
318 616
317 615
316 615
315 615
314 614
313 614
312 613
311 612
310 612
309 611
308 610
307 610
306 609
305 609
304 608
303 608
302 608
301 608
300 608
299 607
298 606
299 605
299 604
299 603
299 602
300 601
300 600
301 599
301 598
302 597
302 596
302 595
302 594
302 593
301 592
301 591
300 590
300 589
299 588
298 587
297 586
296 585
295 584
294 584
293 583
292 582
291 582
290 581
289 581
288 580
287 579
286 579
285 578
284 577
283 577
282 576
281 575
280 575
279 574
278 573
277 573
276 572
275 571
274 571
273 570
272 569
271 569
270 568
269 567
268 567
267 566
266 565
266 564
266 563
266 562
266 561
267 560
267 559
267 558
267 557
267 556
266 555
266 554
265 553
265 552
264 551
264 550
263 549
262 548
261 547
260 546
259 545
258 545
257 544
256 544
255 543
254 543
253 543
252 542
251 542
250 542
249 542
248 542
247 542
246 542
245 542
244 542
243 542
242 543
241 543
240 543
239 543
238 544
237 544
236 544
235 544
234 544
233 544
232 544
231 544
230 543
230 542
229 541
229 540
228 539
228 538
227 537
226 536
225 535
224 535
223 534
222 534
221 533
220 532
220 531
220 530
220 529
221 528
222 527
223 527
224 526
225 526
226 525
227 525
228 524
229 523
230 522
230 521
231 520
231 519
232 518
232 517
232 516
232 515
232 514
232 513
232 512
233 511
233 510
234 510
235 510
236 510
237 510
238 510
239 509
240 509
241 508
242 508
243 507
244 506
245 505
246 504
247 504
248 503
249 502
250 502
251 501
252 501
253 500
254 499
255 498
256 497
256 496
257 495
257 494
258 493
258 492
258 491
258 490
258 489
259 488
260 488
261 488
262 489
263 489
264 489
265 489
266 489
267 489
268 488
269 488
270 487
271 487
272 486
273 485
274 484
275 483
276 482
277 481
277 480
278 479
278 478
279 477
279 476
280 475
280 474
280 473
281 472
281 471
282 470
282 469
282 468
283 467
283 466
284 465
284 464
284 463
285 462
285 461
285 460
286 459
286 458
286 457
286 456
286 455
286 454
286 453
286 452
286 451
286 450
286 449
287 448
287 447
287 446
287 445
287 444
288 443
288 442
288 441
288 440
289 439
289 438
289 437
290 436
290 435
291 434
291 433
292 432
292 431
292 430
293 429
293 428
293 427
294 426
294 425
294 424
295 423
295 422
295 421
296 420
296 419
297 418
297 417
298 416
298 415
298 414
299 413
299 412
299 411
299 410
299 409
300 408
300 407
300 406
301 405
301 404
302 403
302 402
303 401
303 400
304 399
304 398
305 397
305 396
306 395
306 394
307 393
307 392
308 391
308 390
309 389
309 388
310 387
310 386
311 385
311 384
312 383
312 382
312 381
313 380
313 379
313 378
313 377
314 376
314 375
315 374
316 373
316 372
317 371
318 370
319 370
320 369
321 368
322 367
322 366
323 365
323 364
324 363
324 362
325 361
325 360
326 359
327 358
328 357
329 356
330 355
331 354
331 353
332 352
333 351
333 350
334 349
334 348
335 347
336 346
337 345
338 344
338 343
339 342
340 341
340 340
341 339
342 338
342 337
343 336
344 335
344 334
345 333
346 332
347 332
348 331
349 331
350 330
351 330
352 329
353 329
354 328
355 327
356 327
357 326
358 325
359 325
360 324
361 323
362 323
363 322
364 322
365 321
366 321
367 321
368 320
369 320
370 319
371 319
372 318
373 317
374 317
375 316
376 315
377 315
378 314
379 314
380 313
381 313
382 312
383 312
384 311
385 311
386 311
387 311
388 310
389 310
390 310
391 310
392 310
393 310
394 309
395 309
396 309
397 309
398 308
399 308
400 307
401 307
402 306
403 305
404 305
405 304
406 303
407 303
408 302
409 301
410 300
411 300
412 299
413 298
414 297
415 297
416 296
417 295
418 295
419 294
420 293
421 292
422 291
423 290
424 289
425 288
426 287
426 286
427 285
428 284
429 283
430 282
431 281
432 281
433 280
434 280
435 279
436 278
437 277
438 276
438 275
439 274
439 273
440 272
440 271
440 270
440 269
441 268
442 268
443 267
444 267
445 266
446 266
447 265
448 264
449 263
449 262
450 261
450 260
451 259
451 258
451 257
451 256
451 255
451 254
451 253
452 252
452 251
452 250
453 249
453 248
454 247
454 246
455 245
456 244
456 243
457 242
457 241
458 240
458 239
459 238
459 237
460 236
460 235
461 234
461 233
462 232
463 232
464 231
465 231
466 231
467 231
468 230
469 230
470 229
471 229
472 228
473 227
474 226
474 225
475 224
476 223
476 222
477 221
478 220
478 219
479 218
479 217
480 216
480 215
480 214
480 213
480 212
480 211
481 210
481 209
482 208
483 207
484 206
485 205
486 204
486 203
487 202
487 201
488 200
488 199
488 198
488 197
488 196
488 195
489 194
489 193
490 192
491 191
492 191
493 190
494 190
495 190
496 190
497 190
498 190
499 190
500 190
501 190
502 190
503 190
504 190
505 190
506 190
507 189
508 189
509 189
510 189
511 189
512 188
513 188
514 187
515 187
516 186
517 186
518 185
519 185
520 184
521 183
522 182
523 181
524 180
525 179
526 178
526 177
527 176
528 175
528 174
529 173
529 172
530 171
530 170
530 169
531 168
531 167
531 166
532 165
532 164
532 163
533 162
534 161
535 160
536 159
537 159
538 158
539 157
540 156
541 155
542 154
543 154
544 153
545 153
546 152
547 152
548 151
549 151
550 150
551 149
552 149
553 148
554 148
555 148
556 148
557 148
558 148
559 148
560 148
561 148
562 148
563 147
564 147
565 146
566 146
567 145
568 144
569 143
570 142
570 141
571 140
572 139
572 138
573 137
574 136
575 135
576 134
577 134
578 134
579 134
580 134
581 134
582 134
583 134
584 133
585 133
586 133
587 133
588 133
589 132
590 132
591 132
592 131
593 131
594 131
595 131
596 131
597 132
598 132
599 132
600 132
601 132
602 131
603 131
604 131
605 131
606 131
607 130
608 130
609 129
610 129
611 129
612 128
613 128
614 128
615 127
616 127
617 127