705 340
706 341
707 342
708 343
708 344
709 345
709 346
710 347
710 348
711 349
711 350
712 351
713 352
714 353
715 354
716 355
717 355
718 356
719 356
720 357
721 358
722 359
722 360
723 361
724 362
725 363
726 363
727 364
728 364
729 365
730 365
731 366
732 366
732 367
733 368
733 369
733 370
732 371
732 372
732 373
732 374
732 375
732 376
732 377
732 378
732 379
732 380
732 381
733 382
733 383
734 384
734 385
735 386
736 387
736 388
737 389
737 390
738 391
738 392
738 393
738 394
738 395
739 396
739 397
739 398
739 399
739 400
740 401
740 402
740 403
741 404
741 405
741 406
741 407
741 408
741 409
741 410
741 411
740 412
740 413
739 414
738 414
737 415
736 415
735 416
734 417
733 417
732 418
731 418
730 419
729 420
728 420
727 421
726 422
725 423
724 424
723 425
722 426
721 427
721 428
720 429
720 430
719 431
719 432
718 433
718 434
717 435
717 436
716 437
716 438
716 439
715 440
715 441
715 442
715 443
715 444
714 445
714 446
714 447
714 448
714 449
714 450
713 451
713 452
713 453
713 454
713 455
713 456
713 457
712 458
712 459
712 460
712 461
712 462
712 463
712 464
712 465
712 466
712 467
712 468
712 469
712 470
712 471
712 472
712 473
713 474
713 475
713 476
713 477
713 478
713 479
713 480
714 481
714 482
714 483
714 484
715 485
715 486
716 487
716 488
717 489
717 490
718 491
718 492
719 493
720 494
721 495
722 496
723 496
724 497
725 497
726 498
727 498
728 498
729 498
730 498
731 499
732 499
733 499
734 500
735 500
736 500
737 500
738 500
739 500
740 500
741 500
742 500
743 499
744 499
745 499
746 499
747 499
748 499
749 499
750 499
751 498
752 498
753 498
754 498
755 498
756 497
757 497
758 497
759 497
760 496
761 496
762 496
763 496
764 497
765 497
766 497
767 497
768 497
769 497
770 497
771 497
772 497
773 497
774 497
775 498
776 499
777 500
778 501
779 501
780 502
781 502
782 503
783 503
784 503
785 503
786 503
787 503
788 504
789 504
790 504
790 505
791 506
791 507
792 508
792 509
793 510
793 511
794 512
794 513
794 514
794 515
794 516
794 517
794 518
793 519
793 520
793 521
792 522
792 523
792 524
792 525
792 526
792 527
792 528
792 529
792 530
793 531
793 532
794 533
794 534
794 535
794 536
793 536
792 537
791 537
790 537
789 537
788 537
787 537
786 537
785 538
784 538
783 539
782 539
781 540
780 541
779 542
778 543
777 543
776 543
775 543
774 543
773 543
772 544
771 544
770 545
769 545
768 546
767 547
766 548
765 549
765 550
764 551
764 552
763 553
763 554
762 555
762 556
762 557
761 558
761 559
761 560
760 561
760 562
760 563
759 564
759 565
758 566
758 567
757 568
757 569
757 570
757 571
756 572
756 573
756 574
756 575
755 576
755 577
755 578
755 579
754 580
754 581
754 582
754 583
754 584
754 585
754 586
754 587
755 588
755 589
756 590
756 591
757 592
758 593
759 594
760 594
761 595
762 595
763 596
764 596
765 596
766 596
767 596
768 595
769 595
770 594
771 594
772 593
773 593
774 593
775 593
776 594
777 594
778 594
779 595
780 595
781 596
782 596
783 597
784 598
785 599
786 600
787 601
788 601
788 602
789 603
789 604
790 605
790 606
790 607
790 608
790 609
790 610
789 611
789 612
789 613
789 614
788 615
788 616
787 617
786 618
785 619
784 620
783 620
782 621
781 621
780 622
779 622
778 623
777 624
776 624
775 625
774 626
773 627
772 628
771 629
770 630
769 631
768 632
767 633
766 633
765 634
764 635
763 636
762 637
761 638
760 639
759 640
759 641
758 642
757 643
756 644
755 645
754 646
754 647
753 648
753 649
752 650
752 651
752 652
752 653
752 654
751 655
751 656
750 657
749 658
748 659
747 660
747 661
746 662
745 663
744 664
743 664
742 665
741 665
740 665
739 665
738 665
737 665
736 665
735 666
734 666
733 667
732 667
731 668
730 669
729 670
728 671
727 672
727 673
726 674
726 675
725 676
725 677
725 678
724 679
724 680
724 681
723 682
723 683
722 684
721 685
720 686
719 686
718 687
717 688
716 689
715 689
714 690
713 691
712 691
711 691
710 691
709 692
708 692
707 693
706 693
705 694
704 695
703 696
703 697
702 698
702 699
701 700
701 701
701 702
701 703
700 704
700 705
700 706
700 707
700 708
700 709
700 710
700 711
701 712
701 713
701 714
701 715
701 716
702 717
701 718
701 719
701 720
700 721
699 721
698 720
697 719
697 718
696 717
696 716
696 715
696 714
696 713
696 712
695 711
695 710
694 709
694 708
693 707
692 706
691 705
691 704
690 703
689 702
688 701
687 700
686 700
685 699
684 699
683 698
682 698
681 698
680 698
679 698
678 697
677 697
676 697
675 697
674 697
673 697
672 697
671 697
670 698
669 698
668 699
667 699
666 698
665 698
664 698
663 698
662 698
661 698
660 699
659 699
658 700
657 700
656 701
655 701
654 702
653 702
652 703
651 704
650 705
649 706
648 707
647 707
646 707
645 707
644 706
643 706
642 706
641 706
640 706
639 706
638 707
637 707
636 708
635 708
634 709
633 709
632 710
631 710
630 711
629 711
628 712
627 713
626 714
625 715
624 716
624 717
623 718
623 719
622 720
621 721
620 722
619 723
618 724
617 725
617 726
616 727
616 728
615 729
615 730
615 731
615 732
615 733
615 734
615 735
615 736
615 737
615 738
614 739
613 740
612 741
611 741
610 740
610 739
610 738
609 737
609 736
609 735
609 734
609 733
608 732
608 731
608 730
608 729
608 728
608 727
608 726
608 725
607 724
607 723
606 722
606 721
605 720
604 719
603 718
602 717
601 716
600 716
599 715
598 714
597 714
596 713
595 712
594 711
593 710
592 710
591 709
590 709
589 708
588 707
587 706
586 705
585 704
584 703
583 702
582 701
581 700
580 699
579 698
578 698
577 697
576 697
575 696
574 696
573 695
572 695
571 694
570 694
569 693
568 693
567 692
566 692
565 691
564 691
563 690
562 690
561 689
560 688
559 688
558 687
557 687
556 686
555 686
554 685
553 684
552 683
551 682
550 682
549 681
548 681
547 680
546 680
545 679
544 678
543 678
542 677
541 677
540 676
539 676
538 675
537 675
536 675
535 675
534 675
533 675
532 675
531 675
530 675
529 675
528 675
527 675
526 675
525 675
524 675
523 675
522 675
521 675
520 675
519 675
518 675
517 675
516 675
515 675
514 674
513 674
512 674
511 674
510 674
509 674
508 674
507 674
506 674
505 674
504 674
503 674
502 674
501 674
500 674
499 674
498 675
497 675
496 676
495 676
494 676
493 677
492 677
491 677
490 677
489 677
488 677
487 677
486 677
485 677
484 678
483 678
482 678
481 679
480 679
479 680
478 680
477 680
476 681
475 681
474 682
473 682
472 683
471 684
470 684
469 685
468 686
467 687
466 688
466 689
465 689
464 690
463 691
462 692
461 693
460 694
459 695
458 696
457 697
457 698
456 699
455 700
454 701
454 702
453 703
453 704
452 705
452 706
451 707
451 708
450 709
450 710
450 711
449 712
448 713
447 714
446 715
445 715
444 716
443 716
442 717
441 717
440 717
439 717
438 717
437 716
436 716
435 715
434 715
433 715
432 715
431 715
430 715
429 716
428 716
427 717
426 717
425 718
424 719
423 719
422 720
421 721
420 721
419 721
418 722
417 722
416 722
415 722
414 722
413 722
412 722
411 722
410 721
409 721
408 720
407 719
407 718
406 717
406 716
406 715
406 714
405 713
405 712
405 711
405 710
405 709
405 708
404 707
404 706
403 705
403 704
402 703
401 702
400 701
399 700
398 699
397 698
396 697
396 696
396 695
395 694
395 693
394 692
394 691
393 690
392 689
391 688
390 687
389 686
388 685
387 684
386 683
385 682
385 681
384 680
384 679
385 678
385 677
386 676
387 676
388 675
389 674
390 674
391 673
392 672
393 671
394 670
394 669
395 668
395 667
396 666
396 665
397 664
397 663
398 662
398 661
398 660
398 659
398 658
398 657
398 656
399 655
399 654
399 653
399 652
399 651
400 650
400 649
400 648
400 647
400 646
401 645
401 644
402 643
403 642
404 641
404 640
405 639
406 638
406 637
407 636
407 635
408 634
408 633
408 632
408 631
408 630
408 629
408 628
407 627
407 626
406 625
406 624
405 623
405 622
405 621
406 620
407 620
408 619
409 619
410 618
411 618
412 617
413 616
414 615
415 614
415 613
416 612
417 611
418 610
419 609
420 608
421 608
422 608
423 607
424 607
425 606
426 606
427 605
428 605
429 604
430 604
431 603
432 602
433 601
434 600
435 600
436 600
437 600
438 600
439 600
440 600
441 600
442 599
443 599
444 598
445 598
446 597
447 596
448 595
449 595
450 594
451 594
452 593
453 593
454 593
455 593
456 593
457 592
458 592
459 591
460 591
461 591
462 590
463 590
464 590
465 590
466 590
467 591
468 591
469 591
470 591
471 591
472 591
473 591
474 592
475 592
476 592
477 592
478 592
479 592
480 592
481 592
482 592
483 592
484 592
485 593
486 593
487 594
488 594
489 595
490 595
491 595
492 595
493 596
494 596
495 596
496 596
497 596
498 596
499 596
500 596
501 596
502 596
503 596
504 596
505 595
506 595
507 594
508 594
509 593
510 592
511 591
512 590
513 589
514 588
514 587
515 586
515 585
516 584
516 583
516 582
516 581
517 580
517 579
518 578
518 577
519 576
520 575
521 574
521 573
522 572
522 571
523 570
523 569
523 568
523 567
523 566
522 565
522 564
521 563
521 562
520 561
519 560
518 559
517 558
516 557
516 556
515 555
515 554
514 553
514 552
513 551
512 550
512 549
511 548
510 547
510 546
509 545
508 544
508 543
507 542
507 541
506 540
505 539
505 538
505 537
504 536
504 535
503 534
503 533
503 532
503 531
502 530
502 529
502 528
502 527
502 526
502 525
502 524
502 523
502 522
503 521
504 520
505 520
506 520
507 521
508 522
509 523
510 524
511 525
512 525
513 526
514 526
515 527
516 527
517 527
518 527
519 528
520 528
521 528
522 528
523 528
524 528
525 528
526 528
527 528
528 528
529 528
530 527
531 527
532 527
533 527
534 526
535 526
536 526
537 526
538 526
539 526
540 526
541 526
542 526
543 525
544 525
545 524
546 524
547 524
548 523
549 523
550 522
551 522
552 521
553 520
554 519
555 518
556 517
556 516
557 515
557 514
558 513
558 512
559 511
559 510
560 509
560 508
561 507
562 506
563 506
564 505
565 504
566 504
567 503
568 502
569 501
569 500
570 499
570 498
571 497
571 496
571 495
571 494
571 493
571 492
570 491
570 490
570 489
569 488
569 487
569 486
569 485
569 484
569 483
570 483
571 483
572 483
573 483
574 483
575 484
576 485
577 485
578 486
579 486
580 487
581 487
582 487
583 487
584 487
585 486
586 486
587 485
588 485
589 484
590 484
591 483
592 483
593 482
594 482
595 481
596 480
597 480
598 479
599 479
600 478
601 478
602 477
603 477
604 476
605 475
606 474
607 473
608 472
609 471
610 470
611 469
612 468
613 467
614 466
615 465
615 464
616 463
617 462
617 461
618 460
618 459
619 458
619 457
619 456
620 455
620 454
620 453
620 452
620 451
620 450
620 449
620 448
621 447
621 446
621 445
622 444
623 443
623 442
624 441
625 440
626 439
627 438
627 437
628 436
628 435
629 434
629 433
630 432
630 431
630 430
631 429
631 428
631 427
631 426
632 425
632 424
632 423
632 422
632 421
632 420
631 419
631 418
632 417
632 416
632 415
633 414
633 413
634 412
634 411
634 410
634 409
634 408
634 407
634 406
633 405
633 404
633 403
633 402
632 401
632 400
632 399
631 398
631 397
631 396
631 395
630 394
630 393
630 392
630 391
630 390
630 389
630 388
630 387
630 386
630 385
631 384
632 384
633 384
634 383
635 383
636 383
637 383
638 383
639 383
640 383
641 383
642 383
643 382
644 382
645 382
646 382
647 381
648 381
649 381
650 381
651 380
652 380
653 380
654 380
655 379
656 379
657 379
658 378
659 378
660 377
661 377
662 376
663 375
664 374
665 373
666 372
666 371
667 370
667 369
668 368
669 367
670 366
671 365
672 364
673 363
674 362
675 361
676 361
677 360
678 359
679 359
680 359
681 358
682 358
683 358
684 357
685 357
686 357
687 357
688 356
689 356
690 355
691 355
692 354
693 354
694 353
695 353
696 352
697 351
698 350
699 349
700 348
700 347
701 346
701 345
702 344
702 343
702 342
702 341
703 340
704 340