725 196
726 197
727 197
728 197
729 198
730 198
731 199
732 199
733 200
734 200
735 201
736 201
737 202
738 202
739 203
740 203
741 204
742 204
743 205
744 206
745 207
746 208
747 208
748 209
749 209
750 210
751 210
752 210
753 210
754 210
755 210
756 210
757 209
758 209
759 208
760 208
761 207
762 207
763 207
764 207
765 207
766 208
766 209
767 210
767 211
767 212
767 213
768 214
768 215
768 216
768 217
768 218
768 219
768 220
769 221
769 222
770 223
770 224
771 225
771 226
772 227
772 228
773 229
773 230
774 231
774 232
775 233
775 234
776 235
776 236
777 237
777 238
778 239
779 240
779 241
780 242
780 243
781 244
781 245
782 246
782 247
783 248
783 249
784 250
785 251
786 252
787 252
788 253
789 253
790 254
791 254
792 254
793 255
794 256
794 257
794 258
794 259
794 260
794 261
794 262
794 263
794 264
795 265
795 266
795 267
795 268
796 269
796 270
796 271
796 272
797 273
797 274
797 275
798 276
798 277
799 278
799 279
800 280
801 281
802 282
803 283
804 284
805 285
806 286
807 287
808 288
809 288
810 289
811 289
812 290
813 290
814 290
815 290
816 290
817 290
818 290
819 290
820 290
821 291
821 292
822 293
822 294
823 295
823 296
824 297
824 298
825 299
825 300
826 301
826 302
827 303
827 304
828 305
828 306
828 307
829 308
829 309
830 310
830 311
831 312
832 313
833 314
834 315
835 316
836 317
837 318
838 319
839 320
840 321
841 322
842 322
843 323
844 323
845 324
846 324
847 324
848 324
849 324
850 324
851 324
852 324
853 324
854 324
855 325
856 326
856 327
857 328
858 329
859 330
860 331
861 331
862 332
863 333
863 334
864 335
864 336
865 337
866 338
867 339
868 340
869 340
870 341
871 342
872 343
872 344
873 345
873 346
874 347
875 348
876 349
877 350
878 351
879 352
880 352
881 353
882 353
883 354
884 354
885 354
886 354
887 354
888 354
889 354
890 354
891 353
892 353
893 352
894 352
895 351
896 351
897 351
898 351
899 351
900 351
901 351
901 352
901 353
901 354
900 355
900 356
899 357
899 358
898 359
897 360
897 361
896 362
896 363
895 364
895 365
895 366
895 367
895 368
894 369
894 370
894 371
894 372
894 373
894 374
894 375
894 376
894 377
894 378
894 379
894 380
894 381
894 382
895 383
895 384
896 385
896 386
897 387
898 388
899 389
900 389
901 390
902 390
903 391
904 391
905 392
906 393
907 394
907 395
906 396
905 397
904 398
903 399
902 400
902 401
901 402
901 403
900 404
900 405
900 406
900 407
900 408
900 409
900 410
900 411
901 412
901 413
901 414
902 415
902 416
903 417
903 418
903 419
904 420
904 421
905 422
905 423
906 424
906 425
906 426
907 427
907 428
908 429
908 430
909 431
909 432
910 433
910 434
911 435
911 436
912 437
913 438
914 439
915 440
916 441
917 442
918 443
919 444
920 445
920 446
921 447
921 448
920 449
920 450
920 451
920 452
920 453
921 454
921 455
922 456
922 457
923 458
923 459
923 460
923 461
922 462
922 463
922 464
922 465
922 466
921 467
921 468
921 469
921 470
920 471
920 472
920 473
920 474
920 475
920 476
920 477
920 478
920 479
920 480
920 481
920 482
920 483
920 484
920 485
919 486
919 487
919 488
919 489
919 490
918 491
918 492
918 493
918 494
918 495
918 496
918 497
918 498
918 499
918 500
918 501
918 502
918 503
918 504
918 505
918 506
918 507
918 508
918 509
919 510
919 511
919 512
919 513
919 514
919 515
919 516
919 517
919 518
919 519
919 520
919 521
919 522
918 523
918 524
917 525
917 526
917 527
917 528
917 529
917 530
917 531
917 532
917 533
918 534
918 535
919 536
919 537
920 538
921 539
922 540
923 541
923 542
923 543
923 544
922 545
922 546
922 547
922 548
921 549
921 550
921 551
921 552
921 553
922 554
922 555
923 556
923 557
924 558
924 559
925 560
925 561
926 562
926 563
927 564
928 565
928 566
929 567
929 568
930 569
930 570
930 571
931 572
931 573
931 574
932 575
932 576
933 577
933 578
934 579
935 580
935 581
936 582
936 583
936 584
936 585
936 586
935 587
935 588
934 589
933 590
932 591
931 592
930 593
929 594
928 595
928 596
927 597
926 598
926 599
925 600
924 601
923 602
922 603
922 604
921 605
921 606
920 607
920 608
920 609
920 610
920 611
920 612
921 613
921 614
922 615
922 616
922 617
923 618
923 619
924 620
924 621
925 622
926 623
927 624
928 625
929 626
929 627
930 628
930 629
931 630
931 631
932 632
932 633
933 634
933 635
934 636
933 637
932 638
931 639
930 640
929 641
929 642
928 643
928 644
927 645
926 646
925 646
924 646
923 647
922 647
921 648
920 648
919 649
918 650
917 651
916 652
916 653
915 654
915 655
914 656
914 657
913 658
912 659
911 660
910 660
909 661
908 661
907 662
906 662
905 662
904 663
903 663
902 663
901 664
900 664
899 664
898 665
897 665
896 666
895 666
894 667
893 667
892 667
891 667
890 667
889 667
888 668
887 668
886 668
885 668
884 668
883 668
882 668
881 669
880 669
879 669
878 670
877 670
876 670
875 671
874 671
873 671
872 671
871 671
870 671
869 672
868 672
867 672
866 672
865 672
864 673
863 673
862 674
861 674
860 675
859 676
858 677
858 678
857 679
857 680
856 681
856 682
856 683
855 684
854 685
853 685
852 686
851 686
850 687
849 687
848 687
847 687
846 688
845 688
844 688
843 688
842 688
841 689
840 689
839 689
838 689
837 689
836 689
835 690
834 690
833 690
832 690
831 691
830 691
829 692
828 692
827 693
826 693
825 694
824 694
823 695
822 695
821 696
820 696
819 697
818 698
817 698
816 699
815 700
814 701
813 701
812 702
811 703
810 704
809 705
808 706
807 707
806 707
805 708
804 709
803 710
802 711
801 712
801 713
800 714
800 715
799 716
799 717
798 718
798 719
798 720
798 721
798 722
798 723
798 724
798 725
798 726
799 727
799 728
799 729
798 730
798 731
798 732
797 733
797 734
797 735
797 736
796 737
795 738
794 737
793 736
793 735
793 734
792 733
792 732
791 731
791 730
790 729
790 728
789 727
788 726
787 725
786 725
785 724
784 724
783 723
782 723
781 723
780 723
779 723
778 723
777 724
776 724
775 725
774 725
773 726
772 727
771 728
770 729
769 730
769 731
768 732
767 733
767 734
766 735
765 736
765 737
764 738
764 739
763 740
763 741
762 742
761 743
761 744
760 745
759 746
759 747
758 748
758 749
757 750
757 751
757 752
757 753
757 754
757 755
757 756
757 757
758 758
758 759
759 760
759 761
760 762
761 763
762 764
763 765
764 765
765 766
766 766
767 767
768 767
769 767
770 767
771 768
772 768
773 768
774 768
775 768
776 768
777 768
778 768
779 768
780 767
781 767
782 767
783 767
784 767
785 767
786 767
787 766
788 766
789 765
790 765
791 764
792 765
793 765
793 766
794 767
794 768
794 769
794 770
794 771
794 772
793 773
792 774
791 775
790 775
789 775
788 775
787 775
786 775
785 775
784 776
783 776
782 777
781 777
780 778
779 778
778 779
777 780
776 781
776 782
775 783
775 784
774 785
774 786
773 787
772 788
771 788
770 787
769 786
768 785
767 784
766 783
765 783
764 782
763 782
762 781
761 781
760 781
759 781
758 781
757 782
756 782
755 782
754 783
753 783
752 783
751 784
750 784
749 785
748 785
747 785
746 785
745 785
744 785
743 785
742 785
741 785
740 786
739 786
738 786
737 786
736 786
735 786
734 786
733 787
732 787
731 787
730 788
729 788
728 789
727 789
726 790
725 791
724 792
723 793
723 794
722 795
721 796
720 796
719 796
718 796
717 797
716 797
715 797
714 797
713 798
712 798
711 799
710 799
709 800
708 801
707 801
706 802
705 802
704 803
703 804
702 804
701 805
700 805
699 806
698 807
697 807
696 808
695 808
694 809
693 809
692 810
691 810
690 811
689 812
688 813
688 814
687 815
687 816
686 817
686 818
685 819
685 820
684 821
684 822
683 823
683 824
683 825
682 826
682 827
681 828
680 828
679 828
678 828
677 828
676 829
675 829
674 830
673 830
672 831
671 832
670 833
670 834
669 835
669 836
668 837
668 838
667 839
666 839
665 839
664 839
663 840
662 840
661 841
660 841
659 842
658 843
657 844
657 845
656 846
656 847
655 848
655 849
654 850
653 851
652 852
652 853
651 854
650 855
649 856
648 857
647 858
646 858
645 857
644 857
643 856
642 856
641 855
640 855
639 855
638 855
637 855
636 856
635 856
634 857
633 857
632 858
631 859
630 860
630 861
629 862
629 863
628 864
627 865
626 866
625 867
624 868
623 869
622 870
621 871
620 872
619 873
618 874
617 875
617 876
616 877
615 878
614 879
614 880
613 881
612 882
611 883
611 884
610 885
609 886
608 887
607 887
606 887
605 887
604 887
603 888
602 888
601 889
600 889
599 890
598 891
597 892
596 893
595 893
594 893
593 892
592 891
592 890
592 889
591 888
591 887
591 886
590 885
590 884
590 883
589 882
589 881
589 880
588 879
588 878
587 877
587 876
586 875
586 874
585 873
585 872
584 871
584 870
583 869
582 868
581 867
580 866
579 865
578 865
577 864
576 864
575 863
574 863
573 863
572 863
571 863
570 863
569 863
568 863
567 864
566 864
565 864
564 864
563 863
562 862
562 861
561 860
561 859
560 858
559 857
558 856
557 856
556 855
555 855
554 854
553 854
552 854
551 854
550 854
549 853
548 853
547 852
546 851
545 851
544 850
543 850
542 849
541 849
540 848
539 848
538 847
537 847
536 846
535 846
534 845
533 845
532 844
531 844
530 844
529 843
528 842
527 842
526 841
525 841
524 840
523 840
522 840
521 840
520 840
519 841
518 841
517 841
516 842
515 842
514 843
513 843
512 844
511 844
510 845
509 845
508 846
507 846
506 846
505 846
504 847
503 847
502 847
501 847
500 847
499 847
498 847
497 847
496 847
495 847
494 847
493 847
492 847
491 847
490 847
489 847
488 847
487 847
486 847
485 847
484 848
483 848
482 848
481 849
480 849
479 849
478 850
477 850
476 850
475 850
474 851
473 851
472 851
471 851
470 852
469 852
468 853
467 853
466 853
465 853
464 853
463 853
462 853
461 853
460 853
459 853
458 853
457 853
456 853
455 853
454 853
453 853
452 853
451 852
451 851
450 850
449 849
448 848
447 847
446 846
445 845
444 844
443 844
442 843
441 842
440 842
439 841
438 841
437 840
436 840
435 840
434 840
433 840
432 839
431 839
430 839
429 838
428 838
427 838
426 838
425 838
424 837
423 837
422 837
421 837
420 837
419 837
418 837
417 836
416 836
415 836
414 836
413 835
412 835
411 834
410 833
410 832
409 831
409 830
408 829
408 828
407 827
406 826
405 825
404 824
403 823
402 822
401 821
400 820
399 820
398 819
397 818
396 818
395 817
394 817
393 816
392 816
391 815
390 815
389 814
388 813
387 813
386 812
385 811
384 811
383 810
382 809
381 808
380 807
380 806
379 805
379 804
378 803
378 802
377 801
377 800
377 799
376 798
376 797
375 796
375 795
374 794
374 793
373 792
372 791
372 790
371 789
370 788
369 787
368 787
367 786
368 785
369 785
370 784
371 783
372 782
372 781
373 780
373 779
374 778
374 777
374 776
374 775
374 774
373 773
373 772
372 771
372 770
371 769
370 768
369 767
368 767
367 766
366 766
365 765
364 765
363 765
362 765
361 765
360 765
359 764
358 763
357 763
356 762
355 762
354 761
354 760
353 759
353 758
352 757
352 756
351 755
350 754
350 753
349 752
348 751
348 750
349 749
350 749
351 749
352 749
353 748
354 748
355 748
356 748
357 747
358 747
359 746
360 746
361 745
362 744
363 743
364 742
364 741
365 740
365 739
366 738
366 737
366 736
366 735
366 734
365 733
365 732
364 731
364 730
363 729
362 728
361 727
360 727
359 726
358 726
357 725
356 725
355 725
354 725
353 725
352 725
351 725
350 726
349 726
348 726
347 727
346 727
345 727
344 727
343 728
342 728
341 728
340 728
339 728
338 728
337 729
336 729
335 730
334 730
333 731
332 732
331 732
331 731
332 730
332 729
332 728
332 727
332 726
332 725
331 724
331 723
330 722
330 721
329 720
328 719
327 718
326 717
326 716
326 715
325 714
325 713
324 712
324 711
323 710
323 709
322 708
321 707
321 706
320 705
320 704
320 703
320 702
320 701
320 700
320 699
320 698
320 697
319 696
319 695
319 694
319 693
319 692
318 691
318 690
317 689
317 688
316 687
316 686
315 685
315 684
314 683
314 682
313 681
313 680
313 679
313 678
312 677
312 676
311 675
311 674
310 673
309 672
308 671
307 670
307 669
307 668
307 667
308 666
308 665
309 664
310 663
311 662
311 661
312 660
312 659
313 658
313 657
314 656
314 655
314 654
314 653
314 652
313 651
313 650
312 649
312 648
311 647
310 646
310 645
310 644
311 643
311 642
312 641
312 640
313 639
313 638
313 637
313 636
313 635
313 634
312 633
312 632
311 631
311 630
310 629
309 628
308 627
307 627
307 626
307 625
307 624
307 623
308 622
309 622
310 621
311 621
312 620
313 619
314 618
315 617
315 616
316 615
316 614
317 613
317 612
318 611
318 610
318 609
318 608
318 607
319 606
319 605
319 604
319 603
319 602
320 601
320 600
320 599
320 598
321 597
321 596
321 595
322 594
323 593
324 592
325 591
326 590
327 589
327 588
328 587
328 586
329 585
329 584
329 583
329 582
329 581
329 580
329 579
328 578
328 577
328 576
328 575
328 574
327 573
327 572
326 571
326 570
325 569
324 568
323 567
322 566
321 566
320 565
319 565
318 564
317 563
317 562
317 561
317 560
318 559
318 558
319 557
319 556
320 555
320 554
320 553
320 552
320 551
319 550
319 549
318 548
318 547
317 546
317 545
317 544
317 543
317 542
317 541
317 540
318 539
318 538
319 537
320 536
320 535
321 534
321 533
322 532
322 531
323 531
324 530
325 529
326 528
327 527
328 527
329 526
330 526
331 525
332 525
333 524
334 523
335 522
336 521
336 520
337 519
337 518
338 517
338 516
338 515
338 514
338 513
338 512
337 511
337 510
336 509
336 508
336 507
336 506
336 505
336 504
337 503
337 502
338 501
338 500
339 499
339 498
340 497
340 496
340 495
340 494
340 493
340 492
339 491
339 490
338 489
338 488
337 487
336 486
335 485
334 484
333 483
332 482
331 482
330 481
329 481
328 480
327 480
326 480
325 480
324 480
323 481
322 481
321 482
320 482
319 483
318 484
317 485
317 486
316 487
315 488
315 487
314 486
314 485
314 484
314 483
314 482
314 481
314 480
314 479
313 478
313 477
312 476
312 475
311 474
310 473
309 472
308 472
307 471
306 471
305 470
304 470
303 469
302 469
301 468
300 467
300 466
301 465
302 464
303 463
304 462
305 461
305 460
306 459
306 458
307 457
307 456
307 455
307 454
308 453
308 452
309 451
310 450
311 449
312 448
313 447
314 446
315 445
316 444
316 443
317 442
318 441
318 440
319 439
319 438
320 437
320 436
320 435
320 434
320 433
320 432
320 431
320 430
320 429
320 428
320 427
320 426
320 425
320 424
320 423
320 422
320 421
320 420
320 419
320 418
320 417
320 416
319 415
319 414
318 413
318 412
317 411
317 410
317 409
317 408
317 407
317 406
318 405
319 404
320 404
321 403
322 403
323 402
324 402
325 401
326 401
327 400
328 399
329 398
329 397
330 396
330 395
331 394
331 393
331 392
331 391
331 390
331 389
331 388
331 387
331 386
331 385
331 384
331 383
331 382
331 381
331 380
331 379
332 378
332 377
332 376
332 375
333 374
333 373
333 372
334 371
334 370
335 369
336 368
336 367
337 366
337 365
338 364
338 363
338 362
339 361
339 360
339 359
339 358
340 357
340 356
340 355
340 354
340 353
340 352
340 351
339 350
340 349
340 348
340 347
340 346
341 345
341 344
342 343
343 342
343 341
344 340
344 339
345 338
345 337
346 336
346 335
347 335
348 334
349 334
350 333
351 332
352 332
353 332
354 331
355 331
356 331
357 331
358 331
359 331
360 331
361 331
362 331
363 331
364 330
365 330
366 330
367 330
368 329
369 329
370 329
371 329
372 329
373 328
374 328
375 328
376 328
377 327
378 327
379 326
380 326
381 325
382 324
383 323
384 322
384 321
385 320
385 319
386 318
386 317
386 316
386 315
386 314
386 313
386 312
386 311
386 310
386 309
386 308
386 307
386 306
387 305
388 305
389 305
390 305
391 305
392 305
393 305
394 305
395 305
396 305
397 305
398 306
399 306
400 306
401 306
402 306
403 306
404 306
405 305
406 305
407 304
408 304
409 303
410 302
411 301
412 300
412 299
413 298
413 297
414 296
414 295
415 294
415 293
415 292
415 291
416 290
416 289
417 289
418 289
419 288
420 288
421 287
422 287
423 286
424 285
425 284
425 283
426 282
426 281
427 280
427 279
427 278
427 277
427 276
427 275
427 274
427 273
427 272
428 271
429 270
430 270
431 269
432 269
433 268
434 268
435 267
436 266
437 265
438 264
439 263
440 262
441 261
441 260
442 259
443 258
444 257
445 257
446 257
447 257
448 257
449 256
450 256
451 255
452 255
453 254
454 253
455 252
456 252
457 251
458 250
459 250
460 249
461 248
462 247
463 246
463 245
464 244
465 243
466 242
467 241
467 240
468 239
469 239
470 239
471 238
472 238
473 237
474 237
475 236
476 235
477 234
478 233
479 232
480 232
481 231
482 231
483 230
484 230
485 229
486 229
487 229
488 229
489 229
490 229
491 229
492 229
493 230
494 230
495 230
496 230
497 231
498 231
499 231
500 231
501 232
502 233
503 233
504 234
505 234
506 235
507 235
508 235
509 235
510 235
511 234
512 234
513 233
514 233
515 232
516 231
517 230
518 229
518 228
519 227
519 226
520 226
521 226
522 226
523 226
524 227
525 227
526 228
527 228
528 229
529 229
530 229
531 229
532 229
533 229
534 229
535 229
536 228
537 228
538 227
539 227
540 226
541 226
542 225
543 226
544 226
545 226
546 226
547 226
548 226
549 226
550 225
551 225
552 224
553 224
554 223
555 223
556 222
557 222
558 221
559 221
560 220
561 220
562 219
563 218
564 217
564 216
565 215
566 214
567 213
568 213
569 212
570 212
571 211
572 211
573 211
574 210
575 210
576 209
577 209
578 208
579 207
580 206
581 205
582 205
583 204
584 205
585 205
586 205
587 205
588 205
589 205
590 205
591 205
592 204
593 204
594 203
595 203
596 203
597 203
598 203
599 203
600 203
601 203
602 203
603 203
604 203
605 203
606 202
607 202
608 202
609 202
610 202
611 202
612 202
613 202
614 202
615 202
616 202
617 202
618 201
619 201
620 201
621 200
622 200
623 199
624 199
625 199
626 198
627 198
628 198
629 198
630 198
631 198
632 198
633 199
634 199
635 200
636 200
637 201
638 201
639 201
640 202
641 203
642 204
643 205
644 205
645 206
646 206
647 207
648 207
649 208
650 208
651 209
652 209
653 210
654 210
655 210
656 210
657 210
658 210
659 209
660 209
661 209
662 209
663 209
664 209
665 209
666 209
667 209
668 209
669 209
670 209
671 209
672 209
673 208
674 208
675 208
676 208
677 208
678 208
679 207
680 207
681 207
682 207
683 206
684 206
685 206
686 205
687 205
688 204
689 204
690 203
691 203
692 203
693 203
694 203
695 202
696 202
697 202
698 202
699 202
700 201
701 201
702 200
703 200
704 200
705 199
706 199
707 199
708 199
709 198
710 198
711 198
712 197
713 197
714 197
715 196
716 196
717 196
718 196
719 196
720 196
721 196
722 196
723 196
724 196