613 199
614 200
615 200
616 200
617 201
618 201
619 202
620 202
621 203
622 204
623 204
624 205
625 206
626 207
627 208
627 209
628 210
629 211
630 212
631 213
632 213
633 214
634 215
635 215
636 216
637 217
638 217
639 218
640 218
641 219
642 219
643 220
644 221
645 222
646 223
647 224
648 225
649 226
650 227
650 228
651 229
651 230
651 231
652 232
652 233
653 234
653 235
654 236
654 237
655 238
655 239
656 240
655 241
655 242
655 243
655 244
655 245
655 246
655 247
656 248
656 249
657 250
657 251
658 252
659 253
660 254
661 254
662 255
663 255
664 256
665 256
666 256
667 256
668 256
669 256
670 255
671 255
672 254
673 254
674 253
675 252
676 251
676 250
677 249
677 248
678 247
678 246
678 245
678 244
678 243
677 242
677 241
676 240
676 239
675 238
675 237
674 236
675 235
675 234
676 234
677 234
678 234
679 234
680 234
681 234
682 234
683 235
684 236
685 237
685 238
686 239
687 240
688 241
689 241
690 242
691 242
692 243
693 243
694 244
695 244
696 245
697 246
698 247
699 248
700 249
701 250
702 250
703 251
704 251
705 252
706 253
706 254
707 255
708 256
709 257
710 258
711 258
712 259
713 259
714 260
715 260
716 260
717 260
718 260
719 259
720 259
721 258
722 258
723 257
724 256
725 255
725 254
726 253
727 252
727 251
728 250
728 249
729 248
729 247
729 246
729 245
729 244
729 243
729 242
729 241
729 240
730 239
730 238
730 237
731 237
732 237
733 238
734 239
735 240
736 241
737 241
738 242
739 243
740 243
741 244
742 244
743 245
743 246
744 247
744 248
744 249
744 250
744 251
744 252
744 253
744 254
744 255
744 256
744 257
743 258
743 259
743 260
742 261
742 262
741 263
741 264
741 265
740 266
740 267
740 268
740 269
740 270
740 271
740 272
740 273
740 274
740 275
740 276
740 277
740 278
740 279
740 280
740 281
740 282
740 283
740 284
740 285
740 286
740 287
740 288
740 289
740 290
740 291
741 292
741 293
741 294
741 295
742 296
742 297
743 298
743 299
744 300
745 301
746 302
747 302
748 303
749 303
750 304
751 304
752 304
753 304
754 304
755 304
756 303
757 303
758 302
759 302
760 301
761 300
762 300
763 299
764 299
765 298
766 297
767 297
768 297
769 297
770 297
771 298
772 298
773 299
774 299
775 299
776 299
777 299
778 298
779 298
780 297
781 297
782 296
783 295
784 294
785 293
786 292
787 291
788 290
789 289
790 289
791 288
792 288
793 289
794 289
795 289
796 290
797 290
798 291
799 291
800 291
801 292
802 292
803 292
804 293
805 293
806 294
807 294
808 294
809 294
810 295
811 295
812 296
812 297
812 298
813 299
813 300
814 301
814 302
815 303
816 304
816 305
817 306
817 307
818 308
818 309
819 310
820 311
821 312
822 313
823 313
824 314
825 315
826 315
827 316
828 316
829 317
830 317
831 317
832 318
833 318
834 318
835 318
836 318
837 318
838 317
839 317
840 316
841 316
842 315
843 315
844 314
845 314
846 314
847 314
848 315
848 316
848 317
848 318
847 319
846 320
845 320
844 321
843 321
842 322
841 323
840 324
839 325
839 326
838 327
838 328
837 329
837 330
836 331
836 332
836 333
835 334
834 335
834 336
833 337
832 338
831 339
830 340
829 341
828 342
827 343
826 344
825 345
824 345
823 346
822 347
821 348
820 349
819 350
818 351
817 352
816 353
815 354
815 355
814 356
814 357
813 358
813 359
812 360
812 361
812 362
812 363
812 364
812 365
812 366
811 367
811 368
811 369
811 370
810 371
810 372
810 373
810 374
810 375
810 376
810 377
810 378
810 379
810 380
811 381
811 382
811 383
812 384
812 385
813 386
813 387
814 388
815 389
815 390
816 391
817 392
818 393
819 394
820 395
821 395
822 396
823 396
824 397
825 397
826 397
827 397
828 397
829 398
830 398
831 398
832 398
833 398
834 399
834 400
835 401
835 402
835 403
835 404
834 405
834 406
834 407
834 408
834 409
834 410
834 411
835 412
835 413
836 414
836 415
837 416
837 417
838 418
838 419
838 420
838 421
839 422
839 423
839 424
839 425
839 426
840 427
840 428
841 429
841 430
842 431
842 432
843 433
844 434
845 435
846 436
847 437
848 438
848 439
849 440
849 441
850 442
851 443
852 444
853 445
854 445
855 446
856 446
857 447
858 447
859 447
860 448
861 448
862 448
863 449
864 449
865 450
866 450
867 451
868 452
869 453
870 454
871 455
871 456
872 457
873 458
873 459
873 460
872 461
871 462
870 462
869 463
868 463
867 463
866 463
865 463
864 463
863 463
862 463
861 463
860 463
859 462
858 462
857 461
856 461
855 460
854 460
853 459
852 459
851 458
850 458
849 457
848 457
847 457
846 457
845 457
844 457
843 457
842 457
841 458
840 458
839 459
838 459
837 460
836 461
835 462
834 463
833 464
833 465
832 466
832 467
831 468
831 469
830 470
830 471
830 472
830 473
830 474
830 475
830 476
831 477
831 478
831 479
831 480
831 481
831 482
832 483
832 484
833 485
833 486
834 487
835 488
835 489
836 490
837 491
838 492
839 492
840 493
841 494
841 495
842 496
843 497
843 498
844 499
845 500
846 501
847 502
848 503
849 504
850 505
851 506
851 507
852 508
852 509
852 510
852 511
852 512
852 513
852 514
852 515
851 516
851 517
851 518
850 519
850 520
849 521
849 522
848 523
848 524
848 525
848 526
848 527
847 528
847 529
846 530
845 530
844 531
843 531
842 531
841 531
840 531
839 532
838 532
837 533
836 533
835 534
834 534
833 535
832 535
831 536
830 536
829 537
828 537
827 537
826 538
825 538
824 538
823 538
822 538
821 538
820 538
819 538
818 538
817 538
816 538
815 538
814 538
813 538
812 538
811 538
810 538
809 538
808 538
807 538
806 538
805 538
804 538
803 538
802 538
801 538
800 538
799 538
798 538
797 538
796 538
795 538
794 539
793 539
792 539
791 539
790 539
789 539
788 539
787 539
786 539
785 540
784 540
783 541
782 541
781 542
780 542
779 543
778 544
777 545
776 546
775 547
774 548
774 549
773 550
773 551
772 552
772 553
771 554
771 555
770 556
769 557
768 558
767 558
766 559
765 560
764 560
763 561
762 561
761 562
760 563
759 564
758 565
758 566
757 567
757 568
756 569
756 570
756 571
756 572
756 573
756 574
756 575
756 576
756 577
757 578
757 579
757 580
757 581
757 582
757 583
757 584
757 585
756 585
755 584
754 584
753 583
752 582
751 581
750 580
749 579
748 578
747 577
746 576
745 575
744 575
743 574
742 574
741 573
740 573
739 573
738 573
737 572
736 572
735 572
734 572
733 572
732 572
731 572
730 573
729 573
728 573
727 573
726 573
725 573
724 573
723 574
722 574
721 574
720 575
719 575
718 576
717 576
716 577
715 577
714 577
713 578
712 578
711 578
710 578
709 578
708 578
707 579
706 579
705 580
704 580
703 581
702 581
701 582
700 582
699 583
698 584
697 584
696 585
695 586
694 586
693 587
692 588
691 589
691 590
690 591
690 592
689 593
689 594
688 595
688 596
688 597
687 598
687 599
687 600
687 601
686 602
686 603
685 604
685 605
684 606
684 607
684 608
684 609
684 610
684 611
684 612
685 613
685 614
686 615
686 616
687 617
688 618
689 619
690 619
691 620
692 620
693 621
694 621
695 621
696 621
697 621
698 621
699 620
700 620
701 620
702 619
703 619
704 619
705 619
706 619
707 620
708 621
709 621
709 622
710 623
710 624
710 625
710 626
710 627
709 628
708 629
707 629
706 630
705 630
704 631
703 631
702 632
701 632
700 632
699 632
698 632
697 633
696 633
695 633
694 633
693 633
692 634
691 634
690 634
689 635
688 635
687 635
686 635
685 636
684 636
683 637
682 637
681 638
680 639
679 640
678 640
677 641
676 642
675 643
674 644
673 645
672 646
671 647
670 648
669 649
669 650
668 651
668 652
667 653
666 654
666 655
665 656
664 657
663 657
662 658
661 658
660 659
659 659
658 660
657 661
656 661
655 662
654 662
653 663
652 664
651 664
650 665
649 666
648 667
647 668
647 669
646 670
646 671
645 672
645 673
645 674
645 675
645 676
645 677
645 678
646 679
646 680
647 681
647 682
648 683
648 684
648 685
648 686
647 687
646 688
645 688
644 689
643 689
642 689
641 689
640 689
639 689
638 689
637 689
636 690
635 690
634 690
633 690
632 691
631 691
630 692
629 692
628 693
627 693
626 693
625 694
624 694
623 695
622 695
621 696
620 697
619 698
618 699
618 700
617 701
617 702
616 703
615 704
614 703
613 703
612 702
611 701
610 700
609 699
608 698
607 697
606 696
605 696
604 695
603 695
602 694
601 694
600 693
599 693
598 693
597 693
596 693
595 693
594 693
593 693
592 694
591 694
590 695
589 695
588 696
587 697
586 698
585 699
584 700
583 701
582 702
581 702
580 703
579 704
578 705
578 706
577 707
577 708
576 709
576 710
576 711
576 712
576 713
576 714
576 715
577 716
577 717
578 718
578 719
579 720
579 721
579 722
579 723
579 724
579 725
580 726
580 727
580 728
581 729
581 730
581 731
580 731
579 731
578 731
577 730
576 730
575 730
574 729
573 729
572 728
571 728
570 728
569 727
568 726
567 726
566 725
565 725
564 724
563 724
562 723
561 723
560 723
559 723
558 722
557 722
556 722
555 722
554 722
553 722
552 723
551 723
550 724
549 724
548 725
547 725
546 726
545 726
544 727
543 728
542 728
541 729
540 730
539 731
538 732
537 733
536 734
535 735
535 736
534 737
533 738
533 739
532 740
532 741
531 742
531 743
530 744
529 745
529 746
528 747
527 748
527 749
526 750
525 751
524 752
523 753
522 754
521 755
521 756
520 757
519 758
518 759
517 760
516 761
515 762
514 762
513 763
512 763
511 763
510 764
509 764
508 765
507 765
506 766
505 767
504 768
503 769
503 770
502 771
502 772
501 773
501 774
501 775
501 776
500 777
500 778
499 779
498 780
497 780
496 781
495 781
494 782
493 782
492 782
491 782
490 781
489 781
488 781
487 780
486 779
485 778
484 778
483 777
482 776
481 776
480 775
479 774
478 774
477 773
476 773
475 772
474 772
473 771
472 771
471 770
470 770
469 770
468 770
467 770
466 770
465 770
464 771
463 771
462 772
461 772
460 773
459 774
458 775
457 775
456 775
455 775
454 775
453 775
452 775
451 775
450 775
449 775
448 775
447 775
446 775
445 775
444 775
443 775
442 775
441 775
440 776
439 776
438 776
437 776
436 776
435 775
434 775
433 775
432 774
431 774
430 774
429 774
428 774
427 774
426 774
425 774
424 774
423 774
422 774
421 775
420 775
419 775
418 776
417 776
416 777
415 777
414 777
413 777
412 777
412 776
411 775
412 774
412 773
412 772
413 771
413 770
414 769
414 768
415 767
415 766
416 765
416 764
417 763
418 762
418 761
419 760
419 759
420 758
420 757
420 756
420 755
420 754
420 753
419 752
419 751
418 750
418 749
417 748
416 747
415 746
414 745
413 744
412 743
411 742
410 742
409 741
408 741
407 740
406 740
405 739
404 739
403 739
402 739
401 739
400 740
399 740
398 741
397 741
396 742
395 742
394 743
393 743
392 744
391 744
390 745
389 746
388 747
388 748
387 749
387 750
386 751
386 752
386 753
386 754
385 755
384 756
383 756
382 757
381 757
380 758
379 758
378 758
377 757
376 756
375 755
374 755
373 754
372 754
371 753
370 753
369 753
368 752
367 752
366 752
365 751
364 750
363 749
363 748
362 747
361 746
361 745
360 744
360 743
359 742
359 741
358 740
358 739
357 738
357 737
356 736
356 735
355 734
355 733
355 732
354 731
354 730
354 729
353 728
353 727
353 726
352 725
352 724
352 723
351 722
351 721
351 720
350 719
350 718
349 717
349 716
348 715
348 714
347 713
347 712
346 711
346 710
345 709
345 708
344 707
343 706
342 705
341 705
340 704
339 703
338 703
337 702
337 701
337 700
336 699
336 698
336 697
336 696
335 695
335 694
334 693
334 692
333 691
332 690
331 689
331 688
330 687
329 686
328 685
328 684
327 683
326 682
325 681
324 680
323 680
322 679
321 679
320 678
319 678
318 677
317 676
316 676
315 675
315 674
314 673
313 672
313 671
312 670
312 669
311 668
310 667
310 666
309 665
308 664
308 663
307 662
306 661
306 660
305 659
305 658
304 657
303 656
303 655
302 654
301 653
301 652
301 651
301 650
301 649
302 648
303 647
304 646
305 646
306 645
307 645
308 644
309 643
310 643
311 642
312 641
313 640
314 639
315 638
315 637
316 636
316 635
317 634
317 633
317 632
317 631
317 630
316 629
316 628
315 627
315 626
314 625
313 624
312 623
312 622
311 621
311 620
312 619
312 618
312 617
313 616
314 615
315 614
315 613
316 612
317 611
317 610
318 609
318 608
319 607
319 606
320 605
320 604
320 603
320 602
320 601
320 600
320 599
320 598
320 597
320 596
320 595
320 594
320 593
320 592
320 591
320 590
320 589
321 588
321 587
321 586
321 585
321 584
322 583
323 582
324 582
325 581
326 581
327 580
328 580
329 579
330 579
331 578
332 577
333 576
334 575
334 574
335 573
335 572
336 571
336 570
336 569
336 568
336 567
335 566
335 565
334 564
334 563
333 562
333 561
332 560
331 559
330 558
329 558
328 557
327 557
326 556
325 555
325 554
325 553
326 552
326 551
327 550
328 549
329 549
330 548
331 548
332 548
333 548
334 548
335 548
336 548
337 548
338 549
339 549
340 550
341 550
342 550
343 550
344 550
345 550
346 550
347 550
348 550
349 550
350 550
351 550
352 549
353 549
354 548
355 548
356 547
357 547
358 547
359 547
360 546
361 546
362 546
363 546
364 545
365 545
366 545
367 545
368 544
369 544
370 544
371 544
372 543
373 543
374 542
375 542
376 541
377 541
378 540
379 539
380 538
381 537
381 536
382 535
383 534
383 533
384 533
385 532
386 532
387 531
388 531
389 530
390 530
391 529
392 528
393 527
394 526
394 525
395 524
395 523
396 522
396 521
396 520
397 520
398 520
399 520
400 520
401 520
402 519
403 519
404 518
405 518
406 517
407 516
408 515
409 514
410 514
411 513
412 513
413 512
414 512
415 511
416 510
417 509
418 508
419 507
419 506
420 505
420 504
421 503
421 502
422 501
422 500
423 499
423 498
424 497
424 496
425 495
425 494
426 493
426 492
427 491
428 490
429 489
430 488
431 488
432 487
433 487
434 486
435 485
436 485
437 484
438 483
439 482
440 482
441 481
442 480
443 479
444 478
445 477
446 476
447 475
448 474
449 473
450 472
451 471
452 470
453 469
453 468
454 467
454 466
455 465
456 464
456 463
457 462
457 461
458 460
459 459
459 458
460 457
460 456
461 455
461 454
462 453
462 452
463 451
463 450
463 449
464 448
465 447
465 446
466 445
466 444
467 443
467 442
467 441
467 440
468 439
468 438
469 437
469 436
470 435
470 434
471 433
471 432
471 431
471 430
471 429
470 428
470 427
469 426
469 425
468 424
467 423
466 422
465 421
464 421
463 420
462 419
461 419
460 418
459 418
458 417
457 417
456 416
455 415
454 415
453 414
452 413
451 412
450 411
449 410
449 409
448 408
447 407
446 406
445 405
444 404
443 403
442 402
441 401
440 400
439 400
441 400
442 400
443 400
444 400
445 400
446 400
447 400
448 399
449 399
450 399
451 399
452 399
453 398
454 398
455 398
456 398
457 398
458 398
459 398
460 398
461 398
462 398
463 399
464 399
465 400
466 400
467 401
468 401
469 402
470 402
471 403
472 403
473 403
474 403
475 403
476 403
477 403
478 403
479 403
480 403
481 402
482 402
483 402
484 401
485 401
486 401
487 401
488 400
489 400
490 399
491 399
492 398
493 397
494 396
494 395
495 394
496 393
496 392
497 391
497 390
498 389
498 388
499 387
499 386
500 385
500 384
500 383
501 382
501 381
502 380
502 379
503 378
503 377
504 376
504 375
505 374
505 373
506 372
506 371
506 370
507 369
507 368
507 367
507 366
508 365
508 364
508 363
509 362
509 361
509 360
509 359
510 358
510 357
510 356
511 355
511 354
511 353
512 352
512 351
512 350
513 349
513 348
513 347
513 346
513 345
513 344
514 343
514 342
514 341
514 340
514 339
514 338
514 337
514 336
514 335
514 334
514 333
514 332
514 331
514 330
514 329
514 328
514 327
514 326
514 325
514 324
514 323
514 322
514 321
514 320
514 319
514 318
514 317
514 316
514 315
514 314
514 313
514 312
513 311
513 310
513 309
513 308
512 307
512 306
512 305
511 304
511 303
511 302
510 301
510 300
510 299
509 298
509 297
509 296
508 295
508 294
507 293
507 292
507 291
506 290
506 289
505 288
505 287
504 286
504 285
503 284
503 283
502 282
502 281
501 280
500 279
499 278
499 277
498 276
498 275
497 274
497 273
497 272
497 271
497 270
497 269
497 268
497 267
497 266
497 265
497 264
497 263
497 262
496 261
496 260
496 259
496 258
496 257
497 257
498 257
499 258
500 259
501 259
502 260
503 260
504 261
505 261
506 261
507 261
508 261
509 261
510 262
511 262
512 263
513 263
514 264
515 264
516 265
517 265
518 265
519 265
520 265
521 265
522 264
523 264
524 263
525 263
526 264
527 265
527 266
528 267
529 268
530 269
531 269
532 270
533 270
534 271
535 271
536 271
537 271
538 271
539 271
540 270
541 270
542 269
543 269
544 268
545 267
546 266
547 265
547 264
548 263
548 262
549 261
549 260
549 259
550 258
550 257
550 256
551 255
551 254
552 253
553 252
554 252
555 251
556 251
557 250
558 249
559 248
559 247
560 246
561 245
562 245
563 244
564 243
565 242
566 241
566 240
567 239
568 238
569 237
570 236
571 235
571 234
572 233
572 232
573 231
573 230
573 229
573 228
573 227
573 226
574 225
574 224
575 223
576 222
577 221
578 220
579 219
579 218
580 217
581 216
582 215
583 215
584 214
585 214
586 214
587 215
588 215
589 216
590 216
591 216
592 216
593 216
594 216
595 216
596 216
597 216
598 216
599 216
600 215
601 215
602 214
603 214
604 213
605 212
606 211
606 210
607 209
607 208
608 207
608 206
608 205
608 204
609 203
609 202
609 201
609 200
610 199
611 199
612 199