608 226
609 227
609 228
610 229
610 230
611 231
612 232
613 233
614 234
615 234
616 235
617 235
618 236
619 236
620 237
621 237
622 238
623 238
624 239
625 240
626 241
627 241
628 242
629 243
630 244
631 245
632 246
633 247
634 248
635 249
636 249
637 250
638 250
639 251
640 251
641 251
642 251
643 251
644 251
645 250
646 250
647 249
648 249
649 248
650 247
651 247
652 247
653 248
654 249
655 250
656 250
657 251
658 251
659 252
660 252
661 252
662 252
663 252
664 252
665 252
666 252
667 252
668 251
669 251
670 250
671 250
672 249
673 248
674 247
675 246
676 245
677 244
678 243
679 242
680 241
681 240
681 239
682 238
683 237
683 236
684 235
684 234
685 233
685 232
686 231
687 230
687 229
688 228
689 227
690 227
691 227
691 228
691 229
691 230
691 231
691 232
691 233
691 234
691 235
691 236
691 237
692 238
692 239
692 240
692 241
693 242
693 243
693 244
693 245
693 246
693 247
693 248
694 249
694 250
694 251
695 252
695 253
696 254
696 255
697 256
698 257
698 258
699 259
700 260
701 261
702 261
703 262
704 263
705 263
706 264
707 264
708 265
709 265
710 266
711 266
712 267
713 267
714 267
715 267
716 268
717 268
718 268
719 269
720 269
721 269
722 269
723 269
724 269
725 270
725 271
726 272
726 273
726 274
727 275
727 276
728 277
728 278
729 279
729 280
730 281
731 282
732 283
733 283
734 284
735 284
736 285
737 285
738 285
739 285
740 285
741 285
742 285
743 285
744 285
745 285
746 285
747 285
748 284
749 284
750 284
751 284
752 284
753 284
754 284
755 285
756 286
757 287
757 288
757 289
757 290
757 291
757 292
756 293
756 294
755 295
755 296
754 297
753 298
753 299
752 300
751 301
750 302
750 303
749 304
749 305
748 306
748 307
748 308
748 309
748 310
748 311
748 312
748 313
748 314
749 315
749 316
749 317
749 318
749 319
749 320
749 321
748 322
748 323
747 324
747 325
747 326
747 327
747 328
747 329
747 330
748 331
748 332
749 333
749 334
750 335
751 336
752 337
753 337
754 338
755 338
756 339
757 339
758 340
759 340
760 341
761 341
762 341
763 341
764 342
765 342
766 342
767 343
768 343
769 343
770 343
771 343
772 343
773 343
774 343
775 343
776 343
777 343
778 343
779 344
780 344
781 345
782 345
783 346
784 347
785 347
786 348
787 348
788 349
789 349
790 349
791 349
792 349
793 349
794 348
795 348
796 347
797 347
798 347
799 347
800 347
800 348
800 349
800 350
799 351
799 352
799 353
799 354
798 355
798 356
798 357
798 358
798 359
798 360
798 361
798 362
799 363
799 364
800 365
800 366
801 367
802 368
803 369
804 369
805 370
806 371
807 372
808 373
808 374
809 375
810 376
811 377
812 378
812 379
813 380
813 381
814 382
814 383
814 384
814 385
815 386
815 387
816 388
816 389
817 390
818 391
818 392
819 393
820 394
821 395
822 395
823 396
824 397
825 398
826 399
827 400
828 401
829 402
830 403
831 404
832 405
833 405
834 406
835 406
836 407
837 407
838 407
839 407
840 407
841 406
842 406
843 406
844 406
845 405
846 405
847 405
848 405
849 404
850 404
851 404
852 404
853 404
854 404
855 404
856 404
857 404
858 405
859 405
860 405
861 406
862 407
863 408
864 409
865 410
865 411
866 412
867 413
868 414
868 415
869 416
869 417
870 418
870 419
871 420
871 421
872 422
873 423
873 424
874 425
875 426
876 427
877 428
878 429
879 429
880 430
881 431
882 432
883 433
884 434
885 435
885 436
886 437
887 438
887 439
887 440
888 441
888 442
888 443
889 444
889 445
889 446
889 447
889 448
889 449
889 450
889 451
889 452
888 453
888 454
887 454
886 455
885 455
884 456
883 456
882 455
881 455
880 455
879 454
878 454
877 453
876 453
875 452
874 451
873 450
872 450
871 449
870 449
869 448
868 448
867 447
866 447
865 447
864 446
863 446
862 446
861 445
860 445
859 445
858 445
857 445
856 445
855 446
854 446
853 447
852 447
851 448
850 449
849 450
849 451
848 452
848 453
847 454
847 455
847 456
847 457
847 458
847 459
847 460
847 461
847 462
848 463
848 464
848 465
848 466
848 467
849 468
849 469
850 470
850 471
851 472
851 473
852 474
853 475
854 476
855 477
856 478
857 479
858 480
859 481
859 482
860 483
861 484
861 485
861 486
862 487
862 488
862 489
863 490
863 491
863 492
864 493
864 494
864 495
865 496
865 497
866 498
866 499
867 500
867 501
868 502
868 503
868 504
869 505
869 506
870 507
870 508
871 509
871 510
872 511
873 512
874 513
875 513
876 514
877 514
878 515
879 515
880 515
881 515
882 515
883 515
884 516
884 517
885 518
886 519
886 520
887 521
888 522
888 523
889 524
889 525
890 526
890 527
891 528
892 529
893 530
894 531
895 532
896 532
897 533
898 533
899 534
900 534
901 535
902 535
903 536
904 536
905 537
906 538
907 538
908 539
909 539
910 540
911 540
912 540
913 541
914 541
915 541
916 542
917 542
917 543
918 544
917 545
916 545
915 545
914 546
913 546
912 547
911 547
910 548
909 549
908 550
907 551
907 552
906 553
906 554
905 555
905 556
904 557
904 558
904 559
903 560
903 561
903 562
903 563
903 564
903 565
903 566
903 567
904 568
904 569
905 570
905 571
905 572
904 573
903 574
902 574
901 575
900 575
899 576
898 577
897 578
896 579
895 580
895 581
894 582
894 583
893 584
893 585
893 586
893 587
893 588
893 589
893 590
893 591
893 592
893 593
892 594
892 595
892 596
891 597
891 598
891 599
890 600
890 601
889 602
889 603
888 604
887 605
886 606
886 607
885 608
885 609
884 610
884 611
883 612
883 613
883 614
882 615
882 616
882 617
882 618
882 619
881 620
881 621
881 622
881 623
880 624
880 625
880 626
879 627
879 628
879 629
878 630
877 631
876 632
875 633
874 633
873 634
872 635
871 635
870 635
869 635
868 636
867 636
866 636
865 636
864 636
863 636
862 636
861 636
860 636
859 636
858 637
857 637
856 637
855 637
854 638
853 638
852 638
851 638
850 639
849 639
848 639
847 640
846 640
845 641
844 641
843 642
842 642
841 643
840 643
839 644
838 645
837 645
836 646
835 647
834 648
833 649
832 650
832 651
831 652
831 653
830 654
830 655
829 656
829 657
829 658
829 659
829 660
829 661
829 662
829 663
829 664
828 665
828 666
827 667
827 668
826 669
826 670
825 671
825 672
825 673
825 674
825 675
825 676
825 677
826 678
826 679
826 680
826 681
827 682
827 683
827 684
827 685
827 686
827 687
827 688
826 689
825 690
824 690
823 691
822 691
821 692
820 692
819 692
818 693
817 693
816 694
815 694
814 694
813 695
812 695
811 695
810 695
809 695
808 694
807 694
806 694
805 694
804 694
803 694
802 694
801 695
800 695
799 696
798 696
797 697
796 696
795 696
794 696
793 695
792 695
791 694
790 694
789 694
788 694
787 694
786 694
785 694
784 695
783 695
782 696
781 696
780 697
779 698
778 699
777 700
777 701
776 702
776 703
775 704
775 705
774 706
773 707
772 707
771 707
770 708
769 708
768 707
767 707
766 706
765 706
764 705
763 705
762 705
761 705
760 705
759 705
758 705
757 705
756 705
755 705
754 706
753 706
752 706
751 706
750 707
749 707
748 708
747 708
746 709
745 709
744 710
743 710
742 711
741 711
740 712
739 712
738 712
737 713
736 713
735 714
734 714
733 715
732 716
731 717
730 718
729 719
728 720
727 721
726 722
725 723
725 724
724 725
724 726
723 727
723 728
722 729
722 730
722 731
722 732
721 733
721 734
720 735
719 735
718 735
717 735
716 735
715 735
714 735
713 735
712 735
711 735
710 735
709 734
708 734
707 734
706 734
705 734
704 734
703 733
702 733
701 733
700 733
699 733
698 733
697 733
696 733
695 733
694 734
693 734
692 734
691 734
690 734
689 734
688 735
687 735
686 735
685 735
684 736
683 736
682 736
681 737
680 737
679 738
678 738
677 738
676 739
675 739
674 740
673 740
672 741
671 742
670 742
669 743
668 744
667 745
666 746
665 747
665 748
664 749
664 750
663 751
662 752
661 752
660 753
659 753
658 754
657 754
656 754
655 755
654 755
653 755
652 755
651 754
650 754
649 754
648 754
647 754
646 753
645 753
644 753
643 753
642 753
641 752
640 752
639 751
638 751
637 751
636 750
635 750
634 749
633 749
632 749
631 748
630 748
629 747
628 747
627 747
626 747
625 747
624 747
623 747
622 747
621 747
620 747
619 748
618 748
617 749
616 749
615 749
614 750
613 750
612 749
611 749
610 748
609 748
608 747
607 746
606 745
605 744
604 743
603 742
602 741
601 741
600 740
599 740
598 739
597 739
596 739
595 739
594 738
593 738
592 738
591 738
590 738
589 738
588 738
587 739
586 739
585 739
584 739
583 739
582 739
581 739
580 739
579 738
578 738
577 738
576 738
575 738
574 738
573 737
572 737
571 737
570 737
569 737
568 738
567 738
566 738
565 738
564 737
563 737
562 737
561 737
560 737
559 737
558 736
557 736
556 736
555 736
554 736
553 736
552 736
551 736
550 737
549 737
548 737
547 737
546 737
545 738
544 738
543 739
542 739
541 740
540 740
539 740
538 741
537 741
536 741
535 741
534 742
533 742
532 743
531 743
530 744
529 744
528 745
527 745
526 746
525 747
524 748
523 749
522 750
521 751
520 752
519 753
518 753
517 754
516 755
515 755
514 755
513 756
512 756
511 756
510 756
509 756
508 756
507 756
506 757
505 757
504 757
503 758
502 758
501 759
500 759
499 760
498 760
497 761
496 762
495 763
494 764
493 765
493 766
492 767
492 768
491 769
490 769
489 770
488 770
487 770
486 770
485 770
484 769
483 769
482 769
481 769
480 769
479 769
478 769
477 769
476 769
475 768
474 767
473 766
472 765
471 764
470 763
469 762
468 761
467 761
466 760
465 759
464 758
463 758
462 757
461 757
460 756
459 756
458 756
457 755
456 754
455 754
454 753
453 753
452 752
451 752
450 751
449 751
448 751
447 751
446 751
445 751
444 751
443 751
442 751
441 751
440 751
439 751
438 751
437 751
436 751
435 751
434 751
433 751
432 751
431 751
430 752
429 752
428 752
427 753
426 753
425 753
424 753
423 753
423 752
423 751
423 750
423 749
423 748
423 747
422 746
422 745
421 744
421 743
420 742
420 741
420 740
420 739
419 738
419 737
419 736
419 735
418 734
418 733
418 732
417 731
417 730
416 729
416 728
415 727
415 726
414 725
414 724
413 723
413 722
412 721
411 720
411 719
410 718
409 717
408 716
407 715
406 714
405 714
404 713
403 713
402 712
401 712
400 712
399 711
398 711
397 711
396 711
395 711
394 710
393 710
392 710
391 709
390 708
390 707
389 706
389 705
388 704
388 703
387 702
386 701
385 700
384 699
383 698
382 697
381 696
380 696
379 695
378 695
377 694
376 694
375 693
374 693
373 692
372 692
371 691
370 691
369 690
368 690
367 690
366 690
365 690
364 689
363 689
362 689
361 689
360 689
359 690
358 690
357 691
356 691
355 692
354 692
353 692
352 691
351 691
350 690
349 690
348 689
347 689
346 689
345 689
344 689
343 690
342 690
341 691
340 691
339 691
338 691
337 691
336 690
335 690
334 690
333 690
332 690
331 690
330 690
329 690
328 690
327 690
326 689
326 688
326 687
326 686
326 685
326 684
326 683
326 682
326 681
325 680
325 679
324 678
324 677
324 676
324 675
323 674
323 673
323 672
322 671
322 670
321 669
321 668
320 667
319 666
319 665
318 664
317 663
317 662
316 661
315 660
314 659
313 658
312 658
312 657
312 656
312 655
313 654
313 653
314 652
314 651
314 650
314 649
314 648
314 647
313 646
313 645
313 644
312 643
312 642
312 641
312 640
311 639
311 638
311 637
310 636
310 635
310 634
310 633
310 632
310 631
310 630
310 629
309 628
309 627
309 626
309 625
309 624
308 623
308 622
307 621
307 620
306 619
305 618
304 617
303 616
302 616
301 615
300 615
299 614
298 614
297 614
296 614
295 614
294 613
294 612
294 611
294 610
293 609
293 608
292 607
292 606
291 605
290 604
290 603
291 603
292 602
293 602
294 601
295 601
296 600
297 599
298 598
298 597
299 596
299 595
300 594
300 593
300 592
300 591
300 590
300 589
300 588
299 587
299 586
298 585
298 584
297 583
296 582
295 581
294 581
293 580
292 580
291 579
290 579
289 578
288 578
287 577
286 577
285 576
284 576
283 576
282 575
281 575
280 574
279 574
278 574
278 573
279 572
279 571
280 570
280 569
281 568
281 567
281 566
281 565
281 564
280 563
280 562
279 561
279 560
278 559
277 558
276 557
275 556
274 555
273 555
272 554
271 554
270 553
269 553
271 552
272 551
273 550
273 549
274 548
274 547
275 546
275 545
275 544
275 543
275 542
275 541
274 540
274 539
273 538
273 537
273 536
274 536
275 535
276 534
277 533
278 532
278 531
279 530
279 529
280 528
280 527
280 526
280 525
280 524
280 523
279 522
279 521
278 520
278 519
277 518
276 517
275 516
274 515
273 515
272 514
271 514
270 513
270 512
270 511
270 510
270 509
270 508
270 507
270 506
269 505
269 504
269 503
269 502
269 501
269 500
269 499
269 498
270 497
271 496
272 496
273 495
274 495
275 494
276 493
277 492
278 491
279 491
280 491
281 491
281 492
281 493
281 494
281 495
282 496
282 497
283 498
283 499
284 500
285 501
286 502
287 502
288 503
289 503
290 504
291 504
292 504
293 504
294 504
295 503
296 503
297 502
298 502
299 501
300 500
301 499
301 498
302 497
302 496
303 495
303 494
303 493
303 492
303 491
302 490
302 489
301 488
301 487
300 486
299 485
299 484
299 483
299 482
299 481
298 480
298 479
297 478
297 477
296 476
295 475
295 474
295 473
296 472
297 471
297 470
298 469
298 468
299 467
299 466
299 465
299 464
299 463
298 462
298 461
297 460
297 459
296 458
295 457
294 456
293 455
292 455
291 454
290 454
289 453
288 452
287 452
286 451
285 451
284 450
283 450
282 450
281 450
280 449
280 448
281 447
282 447
283 446
284 445
285 445
286 444
287 444
288 443
289 443
290 442
291 441
292 440
293 439
294 438
295 438
296 438
297 437
298 437
299 437
300 437
301 436
302 436
303 436
304 435
305 435
306 434
307 434
308 433
309 432
310 431
310 430
311 429
311 428
312 427
312 426
312 425
312 424
312 423
311 422
311 421
310 420
311 420
312 419
313 418
314 417
314 416
315 415
315 414
316 413
316 412
316 411
316 410
316 409
315 408
316 407
316 406
317 405
318 405
319 404
320 404
321 403
322 403
323 402
324 401
325 400
326 399
326 398
327 397
328 396
328 395
329 394
329 393
330 392
330 391
330 390
330 389
330 388
330 387
330 386
330 385
329 384
329 383
329 382
329 381
329 380
329 379
328 378
328 377
328 376
327 375
327 374
327 373
326 372
326 371
325 370
325 369
324 368
323 367
322 366
321 365
320 365
319 364
318 364
317 363
316 362
315 362
314 361
313 360
312 359
311 358
310 357
309 356
309 355
308 354
308 353
307 352
306 351
306 350
305 349
305 348
305 347
304 346
304 345
304 344
304 343
304 342
303 341
303 340
303 339
303 338
303 337
303 336
302 335
302 334
302 333
302 332
302 331
303 330
304 330
305 329
306 328
307 327
308 326
308 325
309 324
309 323
310 322
310 321
310 320
310 319
310 318
310 317
309 316
309 315
309 314
308 313
308 312
307 311
307 310
306 309
306 308
305 307
304 306
304 305
303 304
302 303
302 302
301 301
300 300
299 299
298 298
297 297
296 296
295 295
294 294
293 293
292 292
291 291
290 290
289 289
289 288
288 287
287 286
286 285
285 284
284 283
283 283
282 282
281 281
280 280
280 279
279 278
279 277
278 276
278 275
278 274
278 273
279 273
280 272
281 272
282 272
283 273
284 273
285 274
286 274
287 275
288 275
289 276
290 277
291 277
292 278
293 279
294 279
295 280
296 280
297 281
298 281
299 282
300 282
301 283
302 283
303 284
304 284
305 285
306 285
307 285
308 286
309 286
310 286
311 287
312 287
313 287
314 287
315 287
316 287
317 287
318 287
319 287
320 286
321 286
322 285
323 285
324 284
325 283
326 282
327 281
328 280
328 279
329 278
329 277
330 276
330 275
330 274
331 273
331 272
331 271
331 270
331 269
331 268
332 267
332 266
333 266
334 265
335 265
336 266
337 266
338 266
339 266
340 267
341 267
342 268
343 268
344 269
345 269
346 270
347 270
348 270
349 271
350 271
351 271
352 272
353 272
354 272
355 272
356 272
357 272
358 271
359 271
360 270
361 270
362 269
363 268
364 267
365 266
366 265
367 264
368 263
369 262
369 261
370 260
370 259
371 258
371 257
371 256
372 255
372 254
372 253
373 252
374 251
375 251
376 250
377 250
378 250
379 250
380 250
381 250
382 250
383 251
384 251
385 252
386 252
387 253
388 253
389 254
390 255
391 256
392 257
392 258
393 259
394 260
395 261
396 262
397 263
398 264
399 265
400 266
401 266
402 267
403 268
404 268
405 269
406 270
407 270
408 271
409 271
410 272
411 272
412 273
413 273
414 274
415 274
416 274
417 275
418 275
419 276
420 276
421 276
422 276
423 277
424 277
425 277
426 277
427 277
428 277
429 277
430 277
431 277
432 278
433 278
434 278
435 278
436 278
437 278
438 278
439 278
440 278
441 278
442 277
443 277
444 277
445 277
446 278
447 278
448 278
449 278
450 278
451 278
452 278
453 278
454 278
455 278
456 278
457 278
458 277
459 277
460 276
461 276
462 276
463 275
464 275
465 275
466 275
467 275
468 274
469 274
470 273
471 273
472 272
473 271
474 270
475 269
476 268
477 267
478 266
479 265
480 264
481 263
482 262
482 261
483 260
484 260
485 260
486 260
487 260
488 260
489 260
490 260
491 260
492 260
493 260
494 260
495 259
496 259
497 258
498 258
499 257
500 257
501 256
502 256
503 255
504 255
505 254
506 254
507 254
508 254
509 253
510 253
511 252
512 252
513 251
514 251
515 250
516 249
517 248
518 247
518 246
519 245
520 244
521 244
522 244
523 244
524 244
525 245
526 245
527 246
528 246
529 246
530 246
531 246
532 246
533 245
534 245
535 244
536 244
537 243
538 243
539 242
540 242
541 242
542 241
543 241
544 241
545 241
546 240
547 240
548 240
549 240
550 241
551 241
552 241
553 241
554 242
555 242
556 242
557 242
558 242
559 242
560 242
561 242
562 242
563 242
564 242
565 242
566 242
567 242
568 242
569 242
570 242
571 243
572 243
573 243
574 243
575 244
576 244
577 244
578 244
579 244
580 244
581 244
582 244
583 243
584 243
585 242
586 242
587 241
588 241
589 240
590 240
591 239
592 238
593 237
593 236
594 235
594 234
595 233
596 233
597 233
598 233
599 233
600 232
601 232
602 231
603 231
604 230
605 229
606 228
606 227
607 226