565 219
566 220
567 221
567 222
568 223
569 224
570 225
571 225
572 226
573 226
574 227
575 227
576 228
577 228
578 228
579 229
580 229
581 229
582 229
583 230
584 230
585 230
586 230
587 230
588 230
589 230
590 230
591 230
592 230
593 230
594 229
595 229
596 229
597 229
598 229
599 229
600 229
601 229
602 229
603 229
604 228
605 228
606 227
607 227
608 226
609 226
610 225
611 224
612 224
613 223
614 222
615 221
616 220
617 220
618 220
618 221
618 222
618 223
618 224
618 225
618 226
618 227
617 228
617 229
617 230
617 231
617 232
617 233
617 234
617 235
617 236
617 237
618 238
618 239
619 240
619 241
620 242
621 243
622 244
623 245
624 245
625 246
626 247
627 248
628 248
629 249
630 249
631 250
632 250
633 251
634 251
635 252
636 252
637 253
638 253
639 254
640 254
641 255
642 255
643 255
644 256
645 256
646 257
647 257
648 258
649 259
650 260
650 261
651 262
652 263
653 264
654 265
655 266
656 267
657 267
658 268
659 269
660 269
661 270
662 270
663 271
664 271
665 272
666 272
667 272
668 273
669 273
670 274
671 275
671 276
672 277
672 278
673 279
673 280
674 281
674 282
675 283
676 284
677 285
677 286
678 287
679 288
680 289
681 290
682 291
683 292
683 293
684 294
685 295
686 296
687 297
688 298
689 299
690 300
691 300
692 301
693 302
694 302
694 303
695 304
696 305
697 306
698 306
699 307
700 308
701 308
702 309
703 309
704 310
705 310
706 311
707 311
708 311
709 311
710 312
711 312
712 312
713 313
714 314
715 315
716 316
717 317
718 318
719 319
719 320
720 321
721 322
722 323
723 324
724 324
725 325
726 326
727 327
728 328
729 329
730 329
731 330
732 331
733 332
734 333
735 333
736 334
737 335
738 335
739 336
740 337
741 338
742 338
743 339
744 340
745 340
746 341
747 342
748 342
749 343
750 344
751 344
752 345
753 346
754 346
755 347
756 347
757 348
758 349
759 349
760 350
761 351
762 351
763 352
764 352
765 353
766 353
767 354
768 354
769 355
770 356
771 356
772 357
773 358
774 359
775 360
776 360
777 361
778 362
779 362
780 363
781 364
782 364
783 365
784 365
785 366
786 367
787 367
788 368
789 368
790 369
791 370
792 370
793 371
794 371
795 372
796 372
797 373
798 373
799 374
800 374
801 375
802 376
803 376
804 377
805 378
806 379
807 379
808 380
809 381
810 381
811 382
812 382
813 383
814 383
815 384
816 384
817 385
818 385
819 385
820 386
821 386
822 386
823 387
824 387
825 388
826 388
827 389
828 389
829 389
830 390
831 390
832 390
833 390
834 390
835 389
836 390
837 391
837 392
838 393
838 394
839 395
840 396
841 397
842 398
843 399
844 400
845 401
846 402
847 402
848 403
849 404
850 404
851 405
852 405
853 406
854 406
855 407
856 407
857 408
858 408
859 409
860 409
861 410
862 410
863 410
864 411
865 412
866 412
867 413
868 413
869 414
870 415
870 416
870 417
870 418
870 419
870 420
870 421
871 422
871 423
872 424
872 425
872 426
873 427
873 428
874 429
874 430
875 431
876 432
877 433
878 434
879 435
880 436
881 436
882 437
883 437
884 438
885 438
886 439
887 439
888 439
889 440
890 440
891 440
892 441
893 441
894 442
895 443
896 444
897 445
898 445
899 446
900 446
901 447
902 447
903 448
904 448
905 449
905 450
906 451
905 452
905 453
904 454
903 455
902 455
901 456
900 457
899 458
899 459
898 460
898 461
897 462
897 463
897 464
896 465
896 466
896 467
896 468
896 469
896 470
895 471
894 472
894 473
893 474
893 475
892 476
892 477
891 478
891 479
891 480
891 481
891 482
891 483
890 484
890 485
890 486
890 487
890 488
890 489
890 490
890 491
891 492
891 493
892 494
892 495
893 496
893 497
894 498
894 499
893 500
893 501
893 502
892 503
892 504
891 505
890 506
890 507
889 508
888 509
888 510
887 511
886 512
886 513
885 514
884 515
883 516
882 517
882 518
881 519
880 520
879 521
879 522
878 523
877 524
876 525
876 526
875 527
874 528
873 529
873 530
872 531
871 532
871 533
870 534
869 535
869 536
868 537
867 538
866 538
865 539
864 540
863 541
862 542
861 543
860 544
860 545
859 546
858 547
857 548
856 549
855 550
854 551
853 552
853 553
852 554
851 555
850 556
850 557
849 558
848 559
848 560
847 561
846 562
845 563
845 564
844 565
843 566
843 567
842 568
841 569
841 570
840 571
840 572
839 573
838 574
838 575
837 576
837 577
836 578
836 579
835 580
835 581
834 582
833 583
833 584
832 585
831 586
830 587
829 588
828 589
827 590
826 591
825 592
824 593
823 594
822 595
822 596
821 597
820 598
819 599
819 600
818 601
817 602
817 603
816 604
816 605
815 606
815 607
814 608
814 609
813 610
813 611
812 612
812 613
811 614
811 615
810 616
810 617
810 618
809 619
809 620
809 621
808 622
808 623
808 624
807 625
807 626
806 627
806 628
806 629
805 630
805 631
805 632
804 633
804 634
804 635
803 636
803 637
802 638
802 639
801 640
801 641
800 642
800 643
800 644
799 645
799 646
798 647
798 648
798 649
797 650
797 651
797 652
797 653
796 654
796 655
796 656
795 657
795 658
795 659
795 660
794 661
794 662
794 663
793 664
793 665
793 666
792 667
792 668
792 669
792 670
792 671
791 672
791 673
791 674
791 675
791 676
791 677
791 678
791 679
791 680
791 681
791 682
791 683
791 684
791 685
791 686
791 687
791 688
792 689
792 690
792 691
792 692
792 693
792 694
792 695
791 696
791 697
790 698
790 699
790 700
790 701
789 702
789 703
789 704
788 705
787 705
786 705
785 705
784 706
783 706
782 707
781 707
780 708
779 709
778 710
777 711
776 712
775 713
774 714
773 715
773 716
772 717
772 718
771 719
771 720
770 721
770 722
770 723
769 724
769 725
768 726
767 727
766 728
765 729
764 730
763 731
762 732
762 733
761 734
761 735
760 736
760 737
759 738
758 739
757 740
756 740
755 741
754 742
753 743
752 744
752 745
751 746
751 747
750 748
750 749
749 750
749 751
749 752
749 753
748 754
748 755
747 756
746 757
745 758
745 759
744 760
744 761
743 762
743 763
742 764
742 765
742 766
741 767
741 768
741 769
740 770
740 771
740 772
739 773
739 774
739 775
738 776
738 777
738 778
738 779
737 780
737 781
737 782
737 783
736 784
736 785
736 786
736 787
736 788
736 789
736 790
736 791
736 792
735 793
735 794
735 795
735 796
735 797
735 798
735 799
734 800
734 801
734 802
734 803
734 804
734 805
734 806
734 807
734 808
734 809
734 810
734 811
734 812
734 813
735 814
735 815
735 816
735 817
736 818
736 819
735 820
734 821
733 820
732 820
731 820
730 820
729 819
728 819
727 819
726 818
725 818
724 818
723 818
722 818
721 817
720 817
719 817
718 817
717 816
716 816
715 816
714 815
713 815
712 815
711 815
710 815
709 814
708 814
707 814
706 814
705 814
704 814
703 814
702 814
701 814
700 814
699 814
698 815
697 815
696 815
695 815
694 815
693 815
692 816
691 816
690 816
689 816
688 816
687 817
686 817
685 818
684 818
683 819
682 820
681 821
681 822
680 823
680 824
679 825
679 826
679 827
679 828
679 829
679 830
679 831
680 832
680 833
680 834
679 834
678 834
677 834
676 834
675 833
674 833
673 833
672 833
671 833
670 833
669 833
668 834
667 834
666 835
665 835
664 836
663 836
662 837
661 836
660 836
659 836
658 835
657 835
656 834
655 834
654 833
653 833
652 833
651 832
650 832
649 831
648 830
647 830
646 829
645 829
644 828
643 828
642 827
641 827
640 826
639 826
638 826
637 825
636 825
635 824
634 824
633 823
632 823
631 822
630 822
629 821
628 820
627 819
627 818
626 817
625 816
625 815
624 814
623 813
622 812
622 811
621 810
620 809
619 808
619 807
618 806
617 805
616 804
615 803
614 802
613 801
612 800
611 799
610 798
609 797
608 796
607 795
606 794
605 793
604 792
603 791
602 790
601 790
600 789
599 788
598 787
597 786
596 786
595 785
594 784
593 783
592 783
591 782
590 781
589 781
588 780
587 779
586 779
585 778
584 778
583 777
582 777
581 776
580 775
579 774
578 773
577 772
576 772
575 771
574 770
573 769
572 769
571 768
570 767
569 767
568 766
567 765
566 765
565 764
564 763
563 763
562 762
561 761
560 761
559 760
558 760
557 759
556 759
555 758
554 757
553 757
552 756
551 756
550 755
549 755
548 755
547 754
546 754
545 754
544 753
543 753
542 753
541 752
540 752
539 752
538 751
537 751
536 750
535 750
534 749
533 749
532 749
531 748
530 748
529 747
528 747
527 746
526 746
525 746
524 745
523 745
522 744
521 744
520 743
519 743
518 743
517 742
516 742
515 742
514 741
513 741
512 741
511 741
510 741
509 741
508 741
507 741
506 741
505 740
504 740
503 740
502 740
501 740
500 740
499 740
498 741
497 741
496 742
495 742
494 743
493 743
492 743
491 742
490 741
490 740
489 739
489 738
488 737
487 736
486 735
485 734
484 734
483 733
482 733
481 732
480 731
479 731
478 730
477 729
476 728
476 727
476 726
475 725
475 724
475 723
475 722
475 721
474 720
474 719
473 718
473 717
472 716
471 715
470 714
469 713
468 712
467 711
466 710
465 710
464 709
463 708
462 708
461 707
460 706
459 706
458 705
457 705
456 704
455 703
454 703
453 702
452 702
451 701
450 701
449 700
448 700
447 699
446 699
445 698
444 698
443 697
442 697
441 696
440 696
439 695
438 695
437 694
436 693
435 693
434 692
433 692
432 691
431 691
430 691
429 690
428 690
427 689
426 689
425 688
424 687
423 687
422 686
421 686
420 685
419 684
418 684
417 683
416 682
415 682
414 681
413 680
412 680
411 679
410 678
409 678
408 677
407 677
406 676
405 676
404 675
403 675
402 674
401 674
400 674
399 673
398 673
397 672
396 672
395 672
394 671
393 671
392 670
391 670
390 670
389 670
388 669
387 669
386 669
385 669
384 668
383 668
382 668
381 668
380 668
379 667
378 667
377 666
376 666
375 665
374 664
373 663
372 662
371 662
370 661
369 661
368 660
367 660
366 659
365 659
364 658
363 658
362 657
361 657
360 656
359 656
358 656
357 656
356 656
355 656
354 655
353 654
352 653
352 652
351 651
350 650
349 649
348 649
347 648
346 647
345 647
344 646
343 646
342 645
341 644
340 644
339 643
338 643
337 642
336 641
335 641
334 640
333 639
332 638
331 638
330 637
329 636
328 635
327 634
326 633
325 632
324 631
323 630
322 629
321 628
321 627
320 626
319 625
319 624
318 623
317 622
317 621
317 620
317 619
317 618
317 617
317 616
317 615
317 614
316 613
316 612
315 611
315 610
314 609
314 608
313 607
312 606
311 605
310 604
310 603
310 602
310 601
311 600
312 599
313 599
314 598
315 597
316 596
317 595
317 594
318 593
318 592
319 591
319 590
319 589
319 588
320 587
320 586
320 585
320 584
321 583
321 582
321 581
322 580
322 579
323 578
323 577
324 576
325 575
326 574
327 573
328 572
328 571
329 570
330 569
330 568
331 567
331 566
332 565
332 564
333 563
333 562
334 561
334 560
335 559
335 558
336 557
336 556
337 555
337 554
338 553
338 552
338 551
339 550
339 549
339 548
340 547
340 546
340 545
341 544
341 543
342 542
342 541
343 540
343 539
344 538
345 537
345 536
346 535
347 534
347 533
348 532
348 531
349 530
350 529
350 528
351 527
352 526
353 525
354 524
354 523
355 522
356 521
356 520
357 519
358 518
358 517
359 516
359 515
360 514
360 513
361 512
361 511
362 510
363 509
363 508
364 507
364 506
365 505
365 504
366 503
366 502
367 501
367 500
368 499
368 498
369 497
369 496
370 495
370 494
370 493
371 492
371 491
372 490
373 489
374 488
374 487
375 486
376 485
376 484
377 483
377 482
378 481
378 480
379 479
379 478
380 477
380 476
381 475
381 474
382 473
382 472
383 471
383 470
384 469
384 468
385 467
385 466
386 465
386 464
387 463
387 462
388 461
388 460
389 459
389 458
389 457
390 456
390 455
391 454
391 453
392 452
392 451
393 450
393 449
394 448
394 447
394 446
395 445
395 444
396 443
396 442
397 441
397 440
398 439
398 438
398 437
399 436
399 435
400 434
400 433
401 432
401 431
401 430
402 429
402 428
403 427
403 426
403 425
404 424
404 423
405 422
405 421
406 420
406 419
406 418
407 417
407 416
408 415
408 414
409 413
409 412
409 411
410 410
410 409
411 408
411 407
411 406
412 405
412 404
413 403
413 402
413 401
414 400
414 399
414 398
415 397
415 396
415 395
416 394
416 393
416 392
417 391
417 390
418 389
418 388
418 387
419 386
419 385
419 384
420 383
420 382
420 381
420 380
421 379
421 378
421 377
422 376
422 375
422 374
423 373
423 372
423 371
424 370
424 369
424 368
424 367
425 366
425 365
425 364
425 363
426 362
426 361
426 360
426 359
427 358
427 357
427 356
427 355
427 354
427 353
428 352
428 351
429 350
429 349
430 348
431 347
431 346
432 345
432 344
433 343
433 342
434 341
434 340
434 339
435 338
435 337
436 336
436 335
436 334
437 333
437 332
437 331
437 330
437 329
437 328
437 327
438 326
438 325
438 324
438 323
438 322
438 321
437 320
437 319
437 318
436 317
436 316
435 315
435 314
435 313
435 312
436 312
437 311
438 311
439 311
440 310
441 310
442 309
443 309
444 308
445 307
446 306
447 305
447 304
448 303
449 302
449 301
450 300
451 299
452 298
452 297
453 296
454 295
455 294
455 293
456 292
457 291
457 290
458 289
459 288
460 287
461 286
462 286
463 285
464 285
465 284
466 284
467 284
468 284
469 284
470 284
471 284
472 284
473 283
474 283
475 282
476 282
477 281
478 280
479 279
480 278
481 277
482 276
483 275
484 274
485 273
486 272
487 271
488 270
488 269
489 268
490 267
490 266
491 265
491 264
492 263
492 262
493 261
493 260
494 259
494 258
495 257
496 256
496 255
497 254
498 253
498 252
499 251
499 250
500 249
501 249
502 249
503 249
504 249
505 249
506 249
507 249
508 249
509 248
510 248
511 248
512 248
513 247
514 247
515 247
516 246
517 246
518 245
519 245
520 244
521 243
522 243
523 242
524 241
525 240
526 240
527 239
528 239
529 238
530 237
531 237
532 236
533 236
534 236
535 235
536 235
537 234
538 234
539 233
540 233
541 232
542 232
543 231
544 231
545 231
546 230
547 230
548 230
549 229
550 229
551 228
552 228
553 227
554 226
555 226
556 225
557 224
558 223
559 222
560 221
561 220
562 219
563 219
564 219