916 229
917 230
917 231
916 232
916 233
915 234
915 235
914 236
914 237
913 238
913 239
912 240
912 241
911 242
911 243
911 244
910 245
909 246
909 247
908 248
907 249
907 250
906 251
905 252
904 253
904 254
903 255
902 256
901 257
901 258
900 259
899 260
898 261
898 262
897 263
896 264
896 265
895 266
894 267
893 268
892 269
891 269
890 270
889 271
888 271
887 272
886 273
885 274
884 275
884 276
883 277
883 278
882 278
881 279
880 279
879 279
878 280
877 280
876 280
875 281
874 281
873 281
872 281
871 282
870 282
869 282
868 283
867 283
866 284
865 284
864 285
863 286
862 287
862 288
861 289
861 290
860 291
860 292
860 293
859 294
859 295
859 296
858 297
858 298
858 299
857 300
857 301
857 302
857 303
857 304
857 305
857 306
857 307
857 308
857 309
857 310
857 311
858 312
858 313
858 314
859 315
859 316
859 317
859 318
859 319
859 320
859 321
859 322
859 323
859 324
858 325
858 326
857 326
856 327
855 327
854 328
853 328
852 329
851 329
850 330
849 331
848 331
847 332
846 333
845 334
844 335
843 336
843 337
842 338
841 339
840 339
839 340
838 341
837 342
836 343
835 344
834 345
833 346
832 346
831 347
830 347
829 347
828 348
827 348
826 349
825 349
824 349
823 349
822 349
821 350
820 350
819 350
818 350
817 350
816 350
815 351
814 351
813 352
812 352
811 353
810 353
809 354
808 355
807 355
806 355
805 355
804 356
803 356
802 356
801 357
800 357
799 357
798 358
797 358
796 359
795 359
794 360
793 360
792 361
791 361
790 362
789 362
788 363
787 363
786 364
785 365
784 365
783 366
782 366
781 367
780 368
779 369
778 369
777 370
776 371
775 372
774 372
773 373
772 374
771 375
770 375
769 376
768 377
767 378
766 379
765 380
764 380
763 381
762 382
761 383
760 384
759 384
758 385
757 386
756 387
755 387
754 388
753 389
752 390
751 391
750 392
749 392
748 393
747 394
746 395
745 396
744 396
743 397
742 398
741 399
740 400
739 401
738 402
737 403
736 404
735 405
734 406
733 407
732 408
731 409
730 410
729 411
728 412
727 413
726 414
725 415
724 416
723 417
722 418
722 419
721 420
720 421
719 422
718 423
717 424
716 425
715 426
714 427
713 428
712 429
711 430
711 431
710 432
710 433
709 434
709 435
709 436
709 437
709 438
708 438
707 439
706 439
705 439
704 439
703 440
702 440
701 441
700 441
699 442
698 443
697 444
696 445
695 446
694 447
693 448
692 449
691 450
690 451
689 452
688 453
688 454
687 455
686 456
685 457
684 458
684 459
683 460
683 461
682 462
682 463
681 464
681 465
681 466
681 467
681 468
681 469
681 470
681 471
681 472
681 473
681 474
680 475
680 476
679 477
678 478
678 479
677 480
677 481
676 482
676 483
675 484
675 485
674 486
674 487
674 488
673 489
673 490
672 491
672 492
672 493
672 494
672 495
672 496
672 497
672 498
671 499
670 500
669 501
669 502
668 503
668 504
667 505
667 506
667 507
667 508
667 509
668 510
668 511
669 512
669 513
670 514
669 514
668 514
667 514
666 514
665 514
664 515
663 515
662 516
661 516
660 517
659 518
658 519
657 520
657 521
656 522
656 523
655 524
654 525
654 526
653 527
652 528
652 529
651 530
650 531
649 532
648 533
647 534
647 535
646 536
645 537
645 538
644 539
643 540
643 541
642 542
642 543
641 544
641 545
640 546
640 547
640 548
639 549
639 550
639 551
639 552
639 553
639 554
639 555
639 556
640 557
640 558
640 559
641 560
641 561
641 562
641 563
641 564
641 565
641 566
641 567
641 568
641 569
640 570
640 571
640 572
640 573
640 574
640 575
640 576
640 577
640 578
640 579
639 580
639 581
639 582
638 583
638 584
637 585
637 586
636 587
635 588
635 589
634 590
633 591
632 592
631 593
630 594
629 595
628 596
627 596
626 597
625 598
624 599
623 600
623 601
622 602
621 603
620 604
620 605
619 606
619 607
618 608
618 609
617 610
617 611
616 612
615 613
615 614
614 615
613 616
613 617
612 618
611 619
610 619
609 620
608 621
607 621
606 621
605 622
604 622
603 623
602 623
601 623
600 624
599 624
598 624
597 625
596 625
595 626
594 626
593 627
592 628
591 628
590 629
589 630
588 631
587 632
586 633
585 634
584 635
583 636
582 637
581 638
581 639
580 640
580 641
579 642
579 643
579 644
579 645
579 646
579 647
579 648
579 649
579 650
579 651
579 652
579 653
579 654
579 655
579 656
579 657
578 658
578 659
577 660
577 661
576 662
576 663
576 664
575 665
575 666
575 667
574 668
574 669
574 670
573 671
572 672
571 673
570 674
569 674
568 675
567 675
566 675
565 675
564 675
563 675
562 675
561 675
560 675
559 674
558 674
557 674
556 674
555 674
554 674
553 674
552 674
551 675
550 675
549 676
548 676
547 676
546 677
545 677
544 677
543 678
542 678
541 679
540 679
539 680
538 681
537 682
537 683
536 684
535 685
534 686
533 687
532 687
531 688
530 689
529 689
528 690
527 690
526 691
525 691
524 692
523 692
522 693
521 693
520 694
519 694
518 695
517 696
516 697
515 698
515 699
514 700
514 701
513 702
513 703
512 704
511 705
510 706
509 706
508 707
507 707
506 707
505 707
504 707
503 707
502 707
501 707
500 707
499 707
498 708
497 708
496 708
495 709
494 709
493 710
492 710
491 711
490 711
489 712
488 713
487 713
486 714
485 714
484 715
483 716
482 716
481 717
480 718
479 719
478 720
477 721
476 722
475 723
475 724
474 725
474 726
473 727
473 728
473 729
473 730
473 731
474 732
474 733
474 734
474 735
473 735
472 736
471 737
470 738
470 739
469 740
469 741
468 742
468 743
468 744
468 745
468 746
468 747
469 748
469 749
469 750
468 751
468 752
467 753
466 753
465 754
464 754
463 754
462 754
461 753
460 753
459 753
458 753
457 753
456 752
455 752
454 752
453 751
452 751
451 751
450 751
449 751
448 752
447 752
446 753
445 753
444 754
443 754
442 754
441 754
440 754
439 754
438 754
437 754
436 754
435 754
434 754
433 755
432 755
431 756
430 756
429 757
428 758
427 758
426 759
425 760
424 761
423 762
422 763
421 764
420 765
419 766
419 767
418 768
417 769
416 770
415 771
414 772
413 773
412 773
411 774
410 775
409 775
408 775
407 776
406 776
405 776
404 776
403 777
402 777
401 777
400 778
399 778
398 779
397 779
396 780
395 781
394 782
393 783
392 784
391 785
391 786
390 787
389 788
389 789
388 790
387 791
386 791
385 792
384 792
383 793
382 793
381 793
380 793
379 794
378 794
377 794
376 795
375 795
374 796
373 796
372 796
371 797
370 797
369 797
368 797
367 798
366 798
365 798
364 798
363 799
362 799
361 800
360 800
359 801
358 802
357 803
356 804
355 805
354 806
354 807
353 808
353 809
352 810
351 811
350 812
349 812
348 813
347 813
346 813
345 813
344 813
343 813
342 813
341 813
340 813
339 813
338 813
337 814
336 814
335 814
334 814
333 814
332 814
331 815
330 815
329 816
328 816
327 817
326 817
325 817
324 817
323 817
322 817
321 817
320 818
319 818
318 818
317 818
316 818
315 817
314 817
313 817
312 817
311 817
310 817
309 817
308 817
307 817
306 817
305 818
304 818
303 819
302 819
301 820
300 820
299 821
298 821
297 821
296 822
295 822
294 822
293 822
292 822
291 821
290 821
289 820
289 819
288 818
287 817
286 816
285 816
284 815
283 815
282 814
281 814
280 814
279 814
278 814
277 814
276 814
275 815
274 815
273 815
272 816
271 816
270 816
269 817
268 817
267 818
266 818
265 819
264 819
263 819
262 819
261 819
260 819
259 818
258 818
257 817
256 817
255 817
254 816
253 815
252 814
251 813
250 812
249 811
248 810
247 809
246 809
245 808
244 808
243 807
242 807
241 807
240 807
239 807
238 806
237 806
236 806
235 806
234 805
233 805
232 805
231 805
230 805
229 805
228 805
227 806
226 806
225 806
224 806
223 806
222 806
221 807
220 807
219 807
218 807
217 807
216 807
215 808
214 808
213 808
212 808
211 808
210 807
209 807
208 807
207 807
206 807
205 807
204 807
203 807
202 806
201 806
200 806
199 806
198 806
197 806
196 805
195 805
194 804
193 803
192 802
191 801
190 800
189 799
188 799
187 798
186 798
185 797
184 797
183 796
182 796
181 796
180 795
179 795
178 794
177 793
176 792
175 791
174 790
174 789
173 788
172 787
171 786
170 785
169 785
168 784
167 784
166 783
165 783
164 783
163 783
162 783
161 783
160 783
159 784
158 784
157 785
156 785
155 785
155 784
155 783
155 782
156 781
156 780
156 779
157 778
158 777
158 776
159 775
159 774
160 773
160 772
160 771
160 770
160 769
160 768
160 767
160 766
160 765
160 764
160 763
160 762
160 761
160 760
160 759
160 758
161 757
162 756
163 755
164 754
165 753
166 753
167 752
168 752
169 751
170 751
171 750
172 750
173 749
174 749
175 748
176 748
177 747
178 746
179 745
180 744
181 743
181 742
182 741
182 740
183 739
183 738
183 737
184 736
184 735
184 734
184 733
185 732
185 731
186 730
187 729
188 729
189 728
190 727
191 727
192 726
193 726
194 725
195 725
196 724
197 724
198 723
199 723
200 722
201 722
202 721
203 720
204 720
205 719
206 718
207 717
208 716
209 715
210 714
211 713
211 712
212 711
212 710
213 709
213 708
213 707
213 706
213 705
213 704
213 703
213 702
214 701
215 700
216 700
217 700
218 700
219 699
220 699
221 699
222 698
223 698
224 697
225 697
226 696
227 695
228 694
229 694
230 693
231 692
232 691
233 690
234 689
235 688
235 687
236 686
237 685
237 684
238 683
239 682
239 681
240 680
240 679
241 678
241 677
242 676
242 675
243 674
243 673
244 672
244 671
244 670
244 669
244 668
244 667
244 666
244 665
245 664
245 663
246 662
247 662
248 661
249 660
250 660
251 659
252 658
253 657
254 656
255 655
256 654
256 653
257 652
258 651
258 650
259 649
259 648
260 647
260 646
261 645
261 644
262 643
262 642
263 641
263 640
263 639
263 638
264 637
264 636
264 635
264 634
264 633
264 632
264 631
264 630
265 629
265 628
265 627
266 626
266 625
267 624
267 623
267 622
267 621
268 620
268 619
268 618
269 617
269 616
270 615
270 614
271 613
271 612
271 611
272 610
272 609
272 608
272 607
272 606
272 605
272 604
272 603
272 602
272 601
272 600
272 599
272 598
272 597
271 596
271 595
270 594
270 593
270 592
270 591
270 590
270 589
270 588
270 587
270 586
270 585
270 584
269 583
269 582
269 581
269 580
269 579
270 578
270 577
271 576
271 575
272 574
273 573
274 572
275 571
276 570
277 569
277 568
278 567
278 566
279 565
279 564
280 563
280 562
281 561
282 560
282 559
283 558
284 557
284 556
285 555
286 554
287 553
287 552
288 551
289 550
289 549
290 548
290 547
291 546
291 545
291 544
292 543
292 542
292 541
292 540
292 539
292 538
292 537
292 536
292 535
292 534
293 533
293 532
294 531
295 530
296 530
297 529
298 529
299 528
300 527
301 526
302 525
302 524
303 523
303 522
304 521
304 520
304 519
305 518
305 517
305 516
305 515
305 514
305 513
306 512
307 511
308 510
309 509
310 508
310 507
311 506
311 505
312 504
312 503
312 502
312 501
313 500
313 499
314 498
315 498
316 497
317 496
318 495
319 494
320 493
320 492
321 491
321 490
322 489
322 488
323 487
324 486
325 486
326 486
327 486
328 485
329 485
330 484
331 484
332 483
333 482
334 481
335 480
336 479
337 478
337 477
338 476
338 475
339 474
339 473
339 472
340 471
340 470
340 469
341 468
342 468
343 467
344 467
345 467
346 467
347 467
348 467
349 467
350 466
351 466
352 465
353 465
354 464
355 464
356 463
357 462
358 462
359 461
360 461
361 460
362 460
363 459
364 459
365 458
366 458
367 457
368 457
369 456
370 455
371 454
372 453
373 452
374 451
375 450
375 449
376 448
376 447
377 446
377 445
378 444
378 443
379 443
380 442
381 441
382 440
383 440
384 440
385 440
386 440
387 440
388 440
389 440
390 441
391 441
392 441
393 441
394 441
395 440
396 440
397 440
398 439
399 439
400 438
401 438
402 437
403 436
404 435
405 434
406 434
407 433
408 432
409 432
410 431
411 430
412 430
413 429
414 428
415 428
416 427
417 427
418 426
419 425
420 424
421 423
422 422
423 421
423 420
424 419
425 418
426 418
427 418
428 418
429 418
430 418
431 417
432 417
433 417
434 417
435 416
436 416
437 416
438 416
439 415
440 415
441 414
442 414
443 413
444 413
445 412
446 411
447 411
448 410
449 409
450 408
451 407
452 406
452 405
453 404
454 403
455 402
456 401
457 400
458 399
459 398
460 397
460 396
461 395
461 394
462 393
462 392
462 391
463 390
463 389
464 388
464 387
464 386
465 385
465 384
465 383
466 382
466 381
467 380
468 379
468 378
469 377
470 376
471 375
472 374
473 374
474 374
475 374
476 374
477 374
478 375
479 375
480 375
481 376
482 376
483 376
484 377
485 377
486 377
487 377
488 377
489 377
490 377
491 377
492 377
493 377
494 377
495 378
496 378
497 379
498 379
499 379
500 380
501 380
502 381
503 381
504 382
505 382
506 383
507 383
508 384
509 384
510 384
511 384
512 384
513 384
514 383
515 383
516 382
517 382
518 381
519 380
520 379
521 378
522 377
523 377
524 376
525 375
526 375
527 375
528 375
529 374
530 374
531 374
532 374
533 374
534 374
535 374
536 374
537 374
538 374
539 374
540 375
541 375
542 375
543 375
544 375
545 375
546 375
547 375
548 375
549 374
550 374
551 373
552 373
553 373
554 372
555 372
556 371
557 371
558 370
559 370
560 369
561 369
562 368
563 368
564 367
565 367
566 366
567 366
568 365
569 365
570 364
571 364
572 363
573 363
574 362
575 362
576 361
577 361
578 361
579 360
580 360
581 360
582 360
583 360
584 360
585 361
586 361
587 361
588 361
589 361
590 361
591 361
592 361
593 361
594 361
595 360
596 360
597 360
598 359
599 359
600 358
601 358
602 357
603 357
604 356
605 356
606 355
607 355
608 354
609 353
610 353
611 352
612 352
613 352
614 352
615 353
616 353
617 353
618 354
619 354
620 354
621 355
622 356
622 357
623 358
623 359
623 360
623 361
623 362
624 363
624 364
625 365
625 366
626 367
627 368
627 369
628 370
629 371
630 372
631 372
632 373
633 373
634 374
635 374
636 374
637 374
638 374
639 374
640 375
641 375
642 375
643 375
644 375
645 375
646 375
647 374
648 374
649 374
650 374
651 374
652 373
653 373
654 372
655 372
656 371
657 371
658 370
659 370
660 369
661 369
662 368
663 367
664 366
665 365
666 364
666 363
667 362
668 361
669 362
670 362
671 363
672 363
673 363
674 363
675 363
676 362
677 362
678 362
679 361
680 361
681 360
682 360
683 359
684 359
685 358
686 358
687 357
688 357
689 356
690 356
691 355
692 354
693 354
694 353
695 353
696 352
697 352
698 351
699 350
700 350
701 349
702 349
703 348
704 348
705 347
706 346
707 346
708 345
709 344
710 344
711 343
712 343
713 342
714 341
715 341
716 340
717 339
718 339
719 338
720 338
721 337
722 337
723 336
724 335
725 335
726 334
727 333
728 333
729 332
730 331
731 330
732 329
733 329
734 328
735 327
736 326
737 325
738 324
739 323
740 322
741 321
742 320
743 319
744 318
745 317
746 316
747 316
748 315
749 314
750 313
751 313
752 312
753 311
754 310
755 309
756 308
757 307
758 306
759 305
759 304
760 303
761 302
761 301
762 300
762 299
763 298
764 298
765 297
766 297
767 296
768 295
769 294
769 293
770 292
771 291
771 290
772 289
773 288
774 287
775 287
776 286
777 285
778 284
779 284
780 283
781 282
782 281
783 280
784 279
785 278
786 277
786 276
787 275
787 274
788 273
788 272
789 271
789 270
789 269
790 268
790 267
790 266
791 265
791 264
792 263
793 262
793 261
794 260
795 259
795 258
796 257
796 256
797 255
797 254
797 253
798 252
798 251
799 250
800 250
801 249
802 249
803 248
804 248
805 247
806 247
807 247
808 247
809 248
810 249
811 250
811 251
812 252
812 253
813 254
813 255
814 256
815 257
816 258
817 258
818 259
819 259
820 260
821 260
822 260
823 260
824 260
825 259
826 259
827 258
828 258
829 257
830 257
831 257
832 257
832 258
833 259
833 260
834 261
834 262
835 263
835 264
836 265
837 266
838 267
839 268
840 268
841 269
842 269
843 270
844 270
845 270
846 270
847 270
848 270
849 270
850 270
851 269
852 269
853 269
854 269
855 269
856 269
857 268
858 268
859 267
860 267
861 266
862 265
863 264
864 264
865 263
866 262
867 261
868 261
869 260
870 260
871 259
872 259
873 258
874 258
875 257
876 257
877 256
878 256
879 255
880 254
881 253
882 253
883 253
884 252
885 252
886 252
887 252
888 252
889 251
890 251
891 250
892 250
893 249
894 248
895 247
896 246
897 246
898 245
899 244
900 243
901 242
902 242
903 241
904 240
905 239
906 238
907 237
908 236
909 235
910 234
910 233
911 232
912 231
913 230
914 230
915 229