601 213
602 214
603 214
604 215
605 216
606 217
607 217
608 218
609 218
610 219
611 219
612 219
613 219
614 219
615 218
616 218
617 217
618 217
619 217
620 218
620 219
621 220
622 221
623 222
624 222
625 223
626 223
627 224
628 224
629 224
630 225
631 226
632 227
633 227
634 228
635 228
636 229
637 229
638 229
639 229
640 229
641 229
642 229
643 228
644 228
645 227
646 227
647 226
648 226
649 226
650 226
651 226
652 227
653 228
653 229
654 230
655 231
656 232
657 232
658 233
659 233
660 234
661 234
662 234
663 234
664 234
665 233
666 233
667 232
668 232
669 232
670 232
670 233
671 234
672 235
673 236
674 237
675 237
676 238
677 238
678 239
679 239
680 239
681 239
682 239
683 240
684 241
685 242
686 243
687 243
688 244
689 244
690 245
691 245
692 245
693 245
694 246
695 247
696 247
697 248
698 248
699 249
700 249
701 249
702 249
703 249
704 249
705 249
706 248
707 248
708 247
709 247
710 247
711 248
712 249
713 250
714 251
715 252
716 253
717 254
718 255
719 255
720 256
721 257
722 257
723 258
724 259
725 259
726 260
727 260
728 261
729 261
730 262
731 263
732 264
732 265
733 266
734 267
735 268
736 269
737 270
738 270
739 271
740 271
741 272
742 273
742 274
743 275
744 276
745 277
746 278
747 278
748 279
749 279
750 280
751 280
752 280
753 280
754 281
755 282
756 283
757 284
758 285
758 286
759 287
759 288
760 289
760 290
761 291
761 292
762 293
763 294
764 295
765 295
766 296
767 296
768 297
769 297
770 297
771 297
772 298
773 298
774 299
775 300
776 300
777 301
778 301
779 302
779 303
780 304
780 305
781 306
782 307
783 308
784 309
785 310
785 311
786 312
787 313
788 314
789 314
790 315
791 315
792 316
793 316
794 316
795 316
796 317
797 317
798 318
799 318
800 319
801 319
802 320
803 320
803 321
804 322
804 323
805 324
806 325
807 326
808 327
809 327
810 328
811 328
812 329
813 330
814 330
814 331
815 332
815 333
815 334
815 335
815 336
814 337
814 338
814 339
814 340
814 341
814 342
814 343
815 344
815 345
816 346
816 347
817 348
818 349
819 350
820 351
821 352
822 353
822 354
822 355
823 356
823 357
823 358
823 359
823 360
823 361
823 362
823 363
824 364
824 365
825 366
825 367
826 368
827 369
827 370
827 371
828 372
828 373
829 374
829 375
830 376
831 377
832 378
833 379
833 380
834 381
834 382
835 383
835 384
836 385
836 386
837 387
838 388
839 389
840 389
841 390
842 390
843 391
844 392
845 393
845 394
845 395
845 396
846 397
846 398
847 399
847 400
848 401
849 402
850 403
851 403
852 404
853 404
854 405
855 405
856 405
857 406
858 406
859 407
860 407
861 408
861 409
861 410
860 411
860 412
860 413
860 414
860 415
861 416
861 417
862 418
862 419
863 420
864 421
865 422
866 422
867 423
868 423
869 424
870 424
871 424
872 424
873 424
874 423
875 423
876 423
877 423
878 424
879 424
880 424
881 424
882 425
883 425
884 425
884 426
883 427
882 428
881 428
880 429
879 429
878 430
877 430
876 431
875 432
874 433
873 434
872 435
872 436
871 437
871 438
870 439
870 440
870 441
870 442
870 443
870 444
870 445
870 446
870 447
871 448
871 449
872 450
872 451
873 452
874 453
875 454
876 454
877 455
878 455
879 456
880 456
881 457
882 458
882 459
882 460
881 461
881 462
881 463
881 464
881 465
881 466
882 467
882 468
883 469
883 470
884 471
885 472
886 473
887 474
888 474
889 475
889 476
890 477
890 478
891 479
892 480
893 481
893 482
894 483
894 484
894 485
894 486
894 487
894 488
894 489
894 490
894 491
895 492
895 493
896 494
896 495
897 496
898 497
899 498
900 499
900 500
900 501
900 502
899 503
899 504
898 505
897 506
896 507
895 508
894 509
893 510
893 511
892 512
892 513
891 514
891 515
891 516
891 517
891 518
891 519
890 520
890 521
890 522
890 523
890 524
890 525
890 526
890 527
890 528
890 529
890 530
890 531
889 532
889 533
889 534
888 535
888 536
888 537
888 538
888 539
888 540
889 541
889 542
889 543
890 544
890 545
891 546
891 547
892 548
893 549
894 550
895 551
896 552
897 552
898 553
899 553
900 554
901 554
902 554
903 554
904 554
905 554
906 554
907 554
908 555
909 555
910 556
910 557
910 558
910 559
909 560
908 560
907 561
906 561
905 562
904 562
903 563
902 563
901 564
900 565
899 566
899 567
898 568
898 569
897 570
897 571
896 572
896 573
895 574
895 575
894 576
894 577
893 578
893 579
892 580
892 581
891 582
891 583
891 584
890 585
890 586
889 587
889 588
889 589
888 590
887 591
887 592
886 593
886 594
885 595
885 596
884 597
884 598
883 599
883 600
883 601
883 602
883 603
883 604
883 605
883 606
883 607
883 608
883 609
883 610
884 611
884 612
884 613
885 614
885 615
886 616
886 617
887 618
888 619
889 620
889 621
889 622
889 623
889 624
889 625
889 626
890 627
890 628
891 629
891 630
892 631
892 632
893 633
894 634
894 635
895 636
895 637
896 638
897 639
898 640
899 641
900 642
901 643
902 644
903 645
903 646
903 647
903 648
902 649
901 649
900 649
899 650
898 650
897 650
896 651
895 651
894 652
893 652
892 653
891 653
890 654
889 654
888 655
887 656
886 657
885 658
884 658
883 658
882 658
881 658
880 658
879 658
878 658
877 659
876 659
875 660
874 660
873 661
872 662
871 663
870 664
870 665
869 666
868 667
867 668
866 668
865 668
864 669
863 669
862 669
861 669
860 670
859 670
858 671
857 671
856 672
855 673
854 674
853 675
852 676
851 677
851 678
850 679
850 680
849 681
849 682
849 683
849 684
849 685
849 686
848 687
847 688
846 689
846 690
845 691
845 692
844 693
844 694
844 695
844 696
844 697
844 698
845 699
845 700
846 701
846 702
847 703
847 704
847 705
846 706
846 707
845 708
845 709
844 710
844 711
843 712
842 712
841 713
840 713
839 713
838 714
837 714
836 715
835 715
834 716
833 716
832 717
831 717
830 718
829 718
828 719
827 719
826 720
825 720
824 721
823 722
822 723
822 724
821 725
821 726
820 727
820 728
819 729
819 730
818 731
818 732
818 733
818 734
818 735
818 736
818 737
818 738
818 739
818 740
818 741
818 742
817 743
816 744
815 744
814 744
813 745
812 745
811 745
810 745
809 745
808 745
807 745
806 745
805 746
804 746
803 746
802 747
801 747
800 748
799 748
798 749
797 749
796 750
795 751
794 752
793 753
792 754
792 755
791 756
791 757
790 758
790 759
790 760
790 761
790 762
789 763
788 763
787 763
786 763
785 763
784 763
783 764
782 764
781 765
780 765
779 766
778 767
777 768
777 769
776 770
776 771
775 771
774 770
773 770
772 770
771 769
770 769
769 769
768 769
767 769
766 769
765 769
764 769
763 770
762 770
761 771
760 771
759 772
758 773
757 774
757 775
756 776
755 777
755 778
754 779
753 780
752 781
751 782
750 782
749 783
748 784
747 784
746 784
745 784
744 784
743 784
742 784
741 784
740 784
739 784
738 784
737 784
736 785
735 785
734 786
733 786
732 787
731 788
730 789
730 790
729 791
729 792
728 793
728 794
727 795
727 796
726 797
725 797
724 798
723 798
722 799
721 799
720 799
719 799
718 799
717 799
716 799
715 799
714 799
713 799
712 799
711 799
710 800
709 800
708 801
707 801
706 802
705 803
704 804
703 805
703 806
702 807
702 808
701 809
701 810
701 811
701 812
701 813
701 814
702 815
702 816
703 817
703 818
703 819
702 820
701 820
700 820
699 821
698 821
697 821
696 821
695 821
694 821
693 821
692 821
691 821
690 822
689 822
688 822
687 822
686 823
685 823
684 823
683 823
682 823
681 823
680 824
679 824
678 825
677 825
676 826
675 827
674 828
674 829
673 830
673 831
672 832
672 833
671 834
670 834
669 834
668 833
667 833
666 833
665 832
664 832
663 832
662 832
661 832
660 832
659 831
658 831
657 831
656 831
655 831
654 830
653 830
652 830
651 830
650 830
649 830
648 830
647 829
646 829
645 829
644 828
643 828
642 828
641 828
640 828
639 828
638 828
637 828
636 828
635 829
634 829
633 830
632 830
631 830
630 830
629 830
629 829
628 828
627 827
626 826
625 826
624 825
623 825
622 824
621 824
620 823
619 823
618 823
617 823
616 823
615 823
614 823
613 823
612 823
611 823
610 823
609 824
608 824
607 825
606 825
605 826
604 827
603 828
602 829
602 830
601 831
601 832
600 833
600 834
600 835
600 836
599 837
599 838
598 839
597 839
596 840
595 840
594 840
593 840
592 840
591 840
590 840
589 840
588 840
587 840
586 841
585 841
584 842
583 842
582 843
581 844
580 845
579 846
578 846
577 845
576 844
576 843
575 842
575 841
574 840
573 839
572 838
571 838
570 837
569 837
568 836
567 836
566 836
565 836
564 836
563 836
562 836
561 836
560 836
559 836
558 836
557 837
556 837
555 837
554 837
553 838
552 838
551 839
550 839
549 840
548 841
547 842
546 843
545 843
544 842
543 841
542 840
541 840
540 839
539 839
538 838
537 838
536 838
535 838
534 838
533 838
532 838
531 838
530 838
529 839
528 839
527 840
526 840
525 841
524 842
523 843
522 844
521 845
520 845
519 846
518 846
517 846
516 846
515 846
514 845
513 845
512 844
511 844
510 843
509 843
508 842
507 842
506 842
505 842
504 842
503 842
502 843
501 843
500 843
499 842
498 841
497 840
497 839
496 838
496 837
496 836
495 835
495 834
494 833
494 832
493 831
493 830
492 829
491 828
490 827
489 827
488 826
487 826
486 825
485 824
484 823
483 822
482 822
481 821
480 821
479 820
478 820
477 820
476 820
475 820
474 820
473 820
472 821
471 821
470 822
469 822
468 823
467 823
466 824
465 825
464 825
463 826
462 826
461 827
460 828
459 829
459 830
458 831
458 832
457 833
457 834
456 835
456 836
455 837
454 837
454 836
454 835
454 834
454 833
453 832
453 831
453 830
452 829
452 828
451 827
451 826
451 825
451 824
451 823
451 822
450 821
450 820
450 819
450 818
449 817
449 816
448 815
448 814
447 813
446 812
446 811
445 810
445 809
444 808
443 807
443 806
442 805
441 804
440 803
440 802
439 801
439 800
438 799
438 798
437 797
437 796
437 795
437 794
436 793
436 792
435 791
435 790
434 789
433 788
432 787
431 787
430 786
429 786
428 785
427 785
426 785
425 785
424 785
423 786
422 786
421 787
420 787
419 787
418 786
417 786
416 785
415 784
414 783
414 782
413 781
413 780
412 779
412 778
411 777
411 776
410 775
409 774
408 773
407 773
406 772
405 772
404 771
403 771
402 771
401 771
400 771
399 771
398 771
398 770
398 769
398 768
398 767
399 766
399 765
399 764
400 763
400 762
401 761
401 760
401 759
401 758
401 757
402 756
402 755
402 754
402 753
402 752
402 751
401 750
401 749
400 748
400 747
399 746
398 745
397 744
396 743
395 743
394 742
393 742
393 741
393 740
392 739
392 738
391 737
391 736
390 735
389 734
388 733
387 733
386 732
385 732
384 731
383 731
382 731
382 730
382 729
381 728
381 727
380 726
380 725
379 724
378 723
377 722
376 722
375 721
374 721
373 720
372 720
371 720
370 720
369 719
368 718
367 717
366 717
365 716
365 715
364 714
364 713
364 712
364 711
364 710
364 709
365 708
365 707
365 706
366 705
366 704
366 703
366 702
366 701
365 700
365 699
365 698
364 697
364 696
363 695
363 694
363 693
363 692
363 691
364 690
364 689
364 688
365 687
365 686
366 685
366 684
367 683
367 682
368 681
368 680
369 679
369 678
369 677
369 676
369 675
369 674
368 673
368 672
367 671
367 670
366 669
365 668
364 667
363 667
362 666
361 666
360 665
359 665
358 665
357 665
356 665
355 664
354 663
354 662
354 661
354 660
354 659
354 658
354 657
355 656
355 655
355 654
355 653
355 652
355 651
355 650
354 649
354 648
353 647
353 646
352 645
351 644
350 643
350 642
350 641
350 640
350 639
350 638
350 637
349 636
349 635
348 634
348 633
347 632
346 631
345 630
344 630
343 629
342 629
342 628
342 627
342 626
342 625
342 624
342 623
342 622
342 621
342 620
342 619
342 618
342 617
342 616
342 615
342 614
342 613
342 612
341 611
341 610
341 609
341 608
341 607
341 606
341 605
341 604
341 603
341 602
341 601
341 600
340 599
340 598
339 597
339 596
339 595
339 594
339 593
340 592
340 591
341 590
341 589
341 588
341 587
341 586
341 585
340 584
340 583
339 582
339 581
338 580
337 579
336 578
335 578
334 577
333 577
333 576
333 575
333 574
333 573
333 572
333 571
333 570
333 569
333 568
332 567
332 566
332 565
331 564
331 563
331 562
331 561
332 560
332 559
332 558
333 557
333 556
334 555
334 554
335 553
335 552
336 551
336 550
336 549
336 548
336 547
335 546
335 545
334 544
334 543
333 542
332 541
331 540
331 539
331 538
331 537
332 536
332 535
333 534
334 533
334 532
335 531
336 530
336 529
337 528
337 527
338 526
338 525
339 524
339 523
339 522
339 521
339 520
338 519
338 518
337 517
337 516
336 515
336 514
335 513
334 512
334 511
334 510
335 509
335 508
336 507
336 506
336 505
337 504
338 503
338 502
339 501
339 500
340 499
340 498
341 497
341 496
341 495
341 494
341 493
341 492
341 491
340 490
340 489
340 488
340 487
340 486
340 485
340 484
340 483
340 482
340 481
339 480
339 479
338 478
338 477
337 476
336 475
335 474
334 474
333 473
332 473
331 472
330 472
329 472
328 472
327 472
326 472
325 473
324 473
323 474
322 474
321 475
320 475
319 476
318 477
317 477
316 478
315 478
314 479
313 480
312 480
311 480
311 479
310 478
310 477
311 476
312 475
313 474
314 474
315 473
316 473
317 472
318 472
319 471
320 470
321 469
322 469
323 468
324 467
325 466
325 465
326 464
326 463
327 462
327 461
327 460
327 459
327 458
327 457
326 456
326 455
325 454
325 453
324 452
323 451
322 450
321 450
321 449
321 448
321 447
322 446
323 445
324 444
325 443
326 443
327 442
328 442
329 441
330 441
331 440
332 439
333 439
334 438
335 437
336 436
337 435
338 434
339 433
340 432
341 431
341 430
342 429
342 428
343 427
343 426
343 425
343 424
343 423
343 422
343 421
343 420
344 419
344 418
344 417
344 416
344 415
344 414
343 413
343 412
342 411
342 410
341 409
340 408
339 407
338 407
337 406
336 406
335 405
334 405
333 405
332 405
331 405
330 405
329 405
328 405
327 406
326 406
325 406
325 405
326 404
327 404
328 403
329 403
330 402
331 402
332 401
333 401
334 400
335 400
336 400
337 399
338 399
339 398
340 398
341 397
342 396
343 395
343 394
344 393
344 392
345 391
345 390
345 389
345 388
345 387
344 386
344 385
344 384
344 383
344 382
344 381
344 380
344 379
345 378
345 377
345 376
346 375
346 374
347 373
347 372
348 371
349 370
349 369
350 368
350 367
351 366
351 365
351 364
352 363
352 362
352 361
352 360
352 359
352 358
352 357
352 356
352 355
352 354
352 353
353 352
353 351
354 350
355 349
355 348
356 347
356 346
357 345
357 344
357 343
357 342
357 341
357 340
357 339
357 338
357 337
357 336
358 335
358 334
359 333
359 332
360 331
360 330
361 329
361 328
362 327
362 326
362 325
363 324
363 323
363 322
363 321
363 320
363 319
362 318
362 317
361 316
361 315
360 314
359 313
358 312
357 311
356 310
355 309
355 308
355 307
356 306
356 305
357 304
357 303
357 302
357 301
357 300
357 299
356 298
356 297
355 296
356 295
356 294
357 293
357 292
358 291
358 290
358 289
358 288
358 287
358 286
359 285
359 284
359 283
359 282
359 281
358 280
358 279
357 278
357 277
356 276
355 275
354 274
353 273
352 273
351 272
350 271
349 271
348 270
347 269
346 269
345 268
344 268
343 267
342 266
342 265
343 264
344 264
345 263
346 262
347 261
348 260
349 259
350 258
350 257
351 256
351 255
352 254
352 253
353 252
354 251
355 251
356 251
357 251
358 251
359 251
360 251
361 251
362 250
363 250
364 249
365 249
366 248
367 247
368 246
368 245
369 244
369 243
370 242
370 241
370 240
370 239
371 238
371 237
371 236
371 235
371 234
371 233
371 232
372 231
373 231
374 230
375 230
376 229
377 229
378 229
379 228
380 228
381 228
382 228
383 228
384 228
385 228
386 228
387 228
388 229
389 229
390 229
391 229
392 229
393 228
394 228
395 227
396 227
397 226
398 225
399 224
400 224
401 224
402 223
403 223
404 222
405 222
406 221
407 220
408 220
409 219
410 219
411 219
412 219
413 220
414 220
415 221
416 221
417 221
418 221
419 221
420 221
421 221
422 220
423 220
424 219
425 219
426 219
427 220
428 220
429 221
430 222
431 222
432 223
433 223
433 224
434 225
435 226
436 227
437 227
438 228
439 228
440 229
441 229
442 229
443 229
444 229
445 228
446 228
447 227
448 227
449 226
450 225
451 225
452 225
453 224
454 224
455 224
456 224
457 224
458 225
459 225
460 226
461 226
462 227
463 227
464 227
465 228
466 228
467 229
468 229
469 229
470 229
471 229
472 228
473 229
474 229
475 230
476 230
477 231
478 231
479 231
480 231
481 231
482 231
483 230
484 230
485 229
486 229
487 228
488 228
489 228
490 229
491 229
492 229
493 229
494 229
495 229
496 228
497 228
498 227
499 227
500 226
501 227
502 227
503 227
504 227
505 227
506 227
507 227
508 226
509 226
510 226
511 227
512 228
513 229
514 229
515 230
516 230
517 231
518 231
519 231
520 231
521 231
522 231
523 231
524 231
525 231
526 230
527 230
528 229
529 229
530 228
531 227
532 226
533 226
534 226
535 226
535 227
536 228
536 229
537 230
537 231
538 232
538 233
539 234
540 235
541 236
542 236
543 237
544 237
545 238
546 238
547 238
548 238
549 238
550 238
551 237
552 237
553 236
554 236
555 235
556 234
557 233
557 232
558 231
558 230
559 229
559 228
559 227
559 226
560 225
560 224
561 223
562 222
563 222
564 222
565 222
566 223
567 223
568 223
569 223
570 223
571 222
572 222
573 221
574 221
575 220
576 220
577 219
578 219
579 219
580 219
581 218
582 219
583 219
584 219
585 219
586 219
587 219
588 218
589 218
590 217
591 217
592 216
593 216
594 216
595 215
596 215
597 214
598 214
599 214
600 213