748 149
749 150
750 150
751 150
752 150
753 151
754 151
755 151
756 151
757 151
758 151
759 151
760 151
761 151
762 151
763 151
764 151
765 151
766 150
767 150
768 150
769 150
770 150
771 150
772 150
773 150
774 150
775 150
776 150
777 150
778 150
779 150
780 150
781 151
782 151
783 151
784 151
785 151
786 151
787 151
788 152
789 152
790 153
791 153
791 154
792 155
793 156
794 157
795 158
796 159
797 159
798 160
799 160
800 161
801 161
802 162
803 162
804 162
805 162
806 162
807 163
808 164
809 165
810 166
810 167
811 168
811 169
812 170
812 171
813 172
813 173
814 174
814 175
814 176
815 177
815 178
816 179
816 180
817 181
818 182
819 183
820 183
821 184
822 184
823 185
824 185
825 185
826 185
827 186
828 186
829 187
830 187
831 188
832 188
833 189
834 189
835 190
836 190
837 191
838 191
839 191
840 191
841 191
842 191
843 191
844 191
845 191
846 192
847 193
847 194
848 195
848 196
848 197
848 198
849 199
849 200
850 201
850 202
849 203
848 204
847 204
846 205
845 205
844 206
843 207
842 208
841 209
840 210
840 211
839 212
839 213
838 214
838 215
838 216
837 217
837 218
837 219
837 220
837 221
837 222
837 223
837 224
837 225
837 226
837 227
837 228
837 229
838 230
838 231
838 232
838 233
838 234
838 235
838 236
838 237
837 238
837 239
836 240
836 241
835 242
835 243
834 244
834 245
834 246
833 247
833 248
832 249
831 250
831 251
830 252
830 253
829 254
828 255
828 256
827 257
827 258
826 259
826 260
825 261
825 262
824 263
824 264
824 265
823 266
823 267
823 268
823 269
822 270
822 271
822 272
822 273
822 274
822 275
822 276
822 277
822 278
822 279
822 280
822 281
822 282
821 283
821 284
821 285
821 286
821 287
821 288
821 289
821 290
821 291
821 292
821 293
821 294
821 295
821 296
821 297
821 298
820 299
820 300
819 301
818 302
817 303
816 304
816 305
815 306
815 307
814 308
814 309
813 310
813 311
813 312
813 313
813 314
813 315
813 316
813 317
813 318
812 319
812 320
812 321
812 322
812 323
812 324
812 325
812 326
813 327
813 328
813 329
813 330
814 331
814 332
814 333
815 334
815 335
815 336
815 337
816 338
816 339
816 340
817 341
817 342
818 343
818 344
819 345
819 346
819 347
819 348
819 349
818 350
817 351
817 352
816 353
816 354
815 355
815 356
814 357
814 358
813 359
813 360
813 361
813 362
813 363
813 364
813 365
814 366
814 367
814 368
814 369
814 370
815 371
815 372
815 373
816 374
816 375
817 376
817 377
818 378
818 379
819 380
819 381
820 382
820 383
821 384
821 385
821 386
822 387
822 388
823 389
823 390
824 391
824 392
825 393
826 394
827 395
827 396
828 397
828 398
828 399
829 400
829 401
830 402
830 403
831 404
832 405
833 406
834 407
835 408
836 409
836 410
837 411
837 412
837 413
838 414
838 415
838 416
838 417
838 418
839 419
839 420
839 421
839 422
839 423
839 424
839 425
839 426
839 427
840 428
840 429
840 430
841 431
841 432
841 433
841 434
842 435
842 436
842 437
843 438
843 439
844 440
844 441
845 442
846 443
847 444
848 445
849 446
850 446
850 447
851 448
851 449
852 450
853 451
854 452
855 453
856 453
857 454
858 454
859 455
860 455
861 455
862 455
863 456
864 457
865 458
866 459
867 459
868 460
869 461
870 462
871 463
872 464
872 465
873 466
873 467
874 468
874 469
874 470
874 471
875 472
875 473
876 474
876 475
876 476
876 477
876 478
876 479
876 480
876 481
876 482
877 483
877 484
877 485
878 486
878 487
878 488
878 489
878 490
878 491
878 492
878 493
878 494
878 495
879 496
879 497
880 498
880 499
881 500
881 501
882 502
883 503
884 504
884 505
885 506
885 507
886 508
886 509
887 510
887 511
887 512
887 513
887 514
887 515
887 516
887 517
887 518
887 519
887 520
888 521
888 522
889 523
889 524
889 525
889 526
889 527
888 528
888 529
888 530
888 531
888 532
888 533
888 534
888 535
888 536
887 537
887 538
887 539
887 540
887 541
888 542
888 543
888 544
888 545
887 546
887 547
887 548
887 549
886 550
886 551
886 552
886 553
886 554
885 555
885 556
885 557
885 558
884 559
884 560
884 561
884 562
884 563
884 564
884 565
885 566
885 567
886 568
886 569
887 570
887 571
887 572
887 573
886 574
886 575
885 576
884 577
883 578
882 579
881 580
880 581
879 582
878 583
878 584
877 585
876 586
875 587
875 588
874 589
874 590
873 591
873 592
873 593
873 594
873 595
872 596
872 597
871 598
871 599
870 600
870 601
869 602
869 603
868 604
867 605
866 606
866 607
865 608
864 609
863 609
862 610
861 611
860 611
859 612
858 613
857 614
857 615
856 616
856 617
855 618
855 619
855 620
854 621
854 622
854 623
854 624
853 625
853 626
852 627
851 628
851 629
850 630
850 631
849 632
849 633
848 634
847 635
846 636
845 636
844 637
843 638
842 639
841 640
840 641
840 642
839 643
838 644
837 645
836 646
836 647
835 648
835 649
834 650
833 651
832 652
831 653
830 653
829 654
828 654
827 655
826 655
825 656
824 656
823 657
822 658
821 659
820 660
819 661
819 662
818 663
818 664
817 665
817 666
816 667
816 668
815 669
814 670
813 671
813 672
812 673
811 674
810 675
809 676
808 677
807 678
806 678
805 678
804 679
803 679
802 679
801 679
800 679
799 679
798 679
797 679
796 680
795 680
794 680
793 681
792 681
791 682
790 682
789 683
788 683
787 684
786 685
785 685
784 686
783 687
782 688
782 689
781 690
781 691
780 692
779 693
779 694
778 695
777 696
776 697
776 698
775 699
775 700
774 701
774 702
773 703
772 704
771 705
770 706
769 707
768 708
768 709
767 710
767 711
766 712
766 713
766 714
766 715
766 716
766 717
766 718
766 719
766 720
765 721
765 722
764 723
763 724
762 725
761 725
760 726
759 727
758 728
757 729
757 730
756 731
756 732
755 733
755 734
755 735
754 736
754 737
754 738
754 739
753 740
753 741
753 742
752 743
752 744
751 745
751 746
750 747
749 748
748 749
747 750
746 750
745 751
744 751
743 752
742 753
741 754
740 755
739 756
739 757
738 758
738 759
737 760
737 761
737 762
737 763
736 764
736 765
735 766
734 767
733 768
732 769
731 770
730 771
730 772
729 773
729 774
728 775
728 776
727 777
727 778
727 779
726 780
726 781
726 782
726 783
726 784
726 785
726 786
726 787
726 788
726 789
726 790
725 791
725 792
725 793
724 794
723 794
722 795
721 795
720 795
719 795
718 795
717 796
716 796
715 797
714 797
713 798
712 799
711 800
711 801
710 802
710 803
709 804
709 805
709 806
709 807
709 808
709 809
708 810
707 810
706 810
705 810
704 810
703 809
702 808
701 807
700 807
699 806
698 805
697 804
696 804
695 803
694 803
693 802
692 802
691 802
690 802
689 802
688 803
687 803
686 804
685 804
684 805
683 805
682 806
681 807
680 807
679 808
678 809
677 810
676 810
675 811
674 812
673 812
672 813
671 813
670 814
669 815
668 816
667 817
666 818
666 819
665 820
665 821
664 822
664 823
664 824
664 825
664 826
664 827
665 828
665 829
666 830
666 831
667 832
668 833
668 834
667 834
666 833
665 833
664 832
663 832
662 832
661 832
660 832
659 832
658 832
657 833
656 833
655 834
654 834
653 835
652 835
651 836
650 836
649 837
648 838
647 839
646 840
646 841
645 842
644 843
643 843
642 843
641 843
640 843
639 843
638 843
637 844
636 844
635 844
634 845
633 845
632 846
631 846
630 847
629 847
628 848
627 848
626 849
625 850
624 851
623 851
622 852
621 853
620 853
619 854
618 854
617 854
616 855
615 855
614 854
613 854
612 854
611 854
610 853
609 853
608 853
607 853
606 853
605 853
604 853
603 853
602 853
601 854
600 854
599 855
598 855
597 856
596 856
595 857
594 857
593 858
592 859
591 859
590 860
589 861
588 862
588 863
587 864
586 865
586 866
585 867
584 868
584 869
583 870
583 871
582 872
582 873
582 874
582 875
582 876
583 877
583 878
584 879
584 880
585 881
586 882
586 883
585 884
584 884
583 884
582 885
581 885
580 886
579 886
578 886
577 886
576 886
575 887
574 887
573 887
572 888
571 888
570 889
569 889
568 890
567 891
566 892
565 893
564 894
563 895
562 895
561 895
560 896
559 896
558 896
557 896
556 896
555 896
554 896
553 897
552 897
551 898
550 898
549 898
548 899
547 899
546 899
545 900
544 900
543 901
542 901
541 902
540 902
539 903
538 904
537 905
536 906
535 907
535 908
534 909
534 910
533 911
533 912
532 913
531 913
530 914
529 914
528 914
527 914
526 914
525 914
524 914
523 914
522 914
521 914
520 914
519 914
518 915
517 915
516 915
515 915
514 916
513 916
512 916
511 916
510 916
509 916
508 916
507 916
506 916
505 915
504 915
503 915
502 915
501 915
500 915
499 916
498 916
497 917
496 917
495 918
494 919
493 920
493 921
492 922
491 923
491 924
490 924
489 925
488 925
487 925
486 924
486 923
485 922
484 921
484 920
483 919
482 918
481 917
480 916
479 916
478 915
477 914
476 913
475 912
475 911
474 910
474 909
473 908
473 907
472 906
472 905
472 904
472 903
472 902
472 901
471 900
471 899
471 898
471 897
471 896
471 895
471 894
472 893
472 892
472 891
472 890
472 889
471 888
471 887
470 886
470 885
469 884
468 883
467 882
466 882
465 881
464 880
464 879
463 878
463 877
462 876
461 875
460 874
459 873
458 872
457 871
456 870
455 869
454 868
453 867
452 866
452 865
452 864
451 863
451 862
451 861
451 860
451 859
451 858
451 857
451 856
451 855
451 854
451 853
451 852
451 851
452 850
452 849
452 848
452 847
452 846
453 845
453 844
453 843
453 842
454 841
454 840
455 839
456 838
456 837
457 836
458 835
458 834
459 833
459 832
460 831
460 830
460 829
460 828
460 827
460 826
460 825
460 824
460 823
460 822
460 821
460 820
460 819
460 818
460 817
460 816
459 815
459 814
459 813
459 812
459 811
459 810
460 809
460 808
460 807
461 806
462 805
462 804
463 803
463 802
464 801
464 800
464 799
464 798
465 797
465 796
465 795
465 794
465 793
464 792
464 791
464 790
463 789
463 788
463 787
462 786
462 785
462 784
462 783
461 782
461 781
461 780
461 779
461 778
461 777
461 776
460 775
460 774
459 773
459 772
458 771
458 770
457 769
457 768
456 767
455 766
454 765
453 764
453 763
452 762
452 761
452 760
452 759
453 758
453 757
454 756
455 755
456 754
456 753
457 752
457 751
458 750
458 749
458 748
458 747
458 746
458 745
458 744
458 743
458 742
457 741
457 740
456 739
456 738
455 737
454 736
454 735
453 734
452 733
452 732
452 731
452 730
451 729
451 728
452 727
452 726
452 725
452 724
453 723
453 722
453 721
453 720
453 719
453 718
453 717
453 716
452 715
452 714
451 713
451 712
450 711
449 710
448 709
447 709
446 708
445 707
444 707
443 706
442 706
441 705
440 705
439 704
438 704
437 704
436 703
435 702
434 701
433 701
432 700
431 700
430 699
429 699
428 699
428 698
427 697
427 696
427 695
427 694
427 693
426 692
426 691
425 690
425 689
424 688
424 687
423 686
422 685
421 684
420 683
419 682
418 682
417 681
416 680
416 679
415 678
415 677
415 676
415 675
415 674
415 673
416 672
417 671
418 670
419 669
420 668
421 667
421 666
422 665
422 664
423 663
423 662
423 661
423 660
423 659
423 658
423 657
423 656
423 655
423 654
423 653
423 652
422 651
422 650
421 649
421 648
420 647
419 646
419 645
418 644
418 643
418 642
418 641
417 640
417 639
417 638
417 637
418 636
418 635
418 634
418 633
418 632
418 631
419 630
419 629
420 628
421 627
422 626
422 625
423 624
424 623
425 622
426 621
427 620
428 619
429 619
430 618
431 617
432 616
433 615
434 614
435 613
436 612
436 611
437 610
438 609
439 608
440 607
441 606
442 605
442 604
443 603
443 602
444 601
444 600
444 599
445 598
445 597
445 596
445 595
445 594
445 593
445 592
444 591
445 590
445 589
445 588
445 587
445 586
445 585
445 584
445 583
444 582
444 581
443 580
443 579
442 578
441 577
441 576
440 575
440 574
439 573
439 572
439 571
439 570
439 569
439 568
440 567
440 566
441 565
442 564
443 563
443 562
444 561
444 560
445 559
445 558
445 557
445 556
445 555
444 554
444 553
443 552
443 551
442 550
442 549
441 548
441 547
441 546
441 545
441 544
442 543
442 542
443 541
444 540
445 539
446 539
447 538
448 537
449 536
450 535
450 534
451 533
451 532
452 531
453 530
454 529
454 528
455 527
456 526
456 525
457 524
457 523
458 522
459 521
459 520
460 519
460 518
461 517
461 516
461 515
462 514
462 513
462 512
463 511
464 510
465 509
466 508
467 507
467 506
468 505
468 504
469 503
469 502
470 501
470 500
470 499
470 498
470 497
471 496
471 495
471 494
471 493
472 492
472 491
472 490
472 489
472 488
473 487
473 486
473 485
474 484
474 483
475 482
475 481
476 480
476 479
476 478
477 477
477 476
477 475
477 474
477 473
477 472
477 471
477 470
478 469
478 468
479 467
479 466
480 465
480 464
481 463
481 462
482 461
482 460
482 459
483 458
483 457
483 456
483 455
484 454
484 453
484 452
484 451
484 450
484 449
484 448
485 447
485 446
485 445
485 444
485 443
486 442
486 441
486 440
486 439
487 438
487 437
487 436
488 435
489 434
490 433
491 432
492 431
493 430
494 429
494 428
495 427
495 426
496 425
496 424
496 423
496 422
496 421
496 420
496 419
496 418
496 417
497 416
497 415
498 414
499 413
500 413
501 413
502 412
503 412
504 411
505 411
506 410
507 409
508 408
509 407
510 406
511 405
512 404
513 403
513 402
514 401
514 400
515 399
515 398
515 397
515 396
515 395
516 394
516 393
516 392
517 391
518 391
519 391
520 391
521 391
522 391
523 390
524 390
525 389
526 389
527 388
528 387
529 386
529 385
530 384
531 383
532 382
532 381
533 380
533 379
534 378
534 377
535 376
535 375
536 374
537 373
537 372
538 371
539 370
540 369
541 368
542 368
543 367
544 367
545 366
546 366
547 366
548 366
549 366
550 365
551 365
552 364
553 364
554 363
555 362
556 361
556 360
557 359
557 358
558 357
558 356
558 355
558 354
558 353
558 352
559 351
559 350
559 349
560 348
560 347
561 347
562 346
563 346
564 345
565 344
566 343
567 342
568 341
568 340
569 339
569 338
570 337
570 336
571 335
571 334
571 333
571 332
571 331
572 330
572 329
572 328
573 327
573 326
574 325
574 324
575 323
575 322
576 321
576 320
577 319
578 318
579 317
579 316
580 315
581 314
581 313
582 312
582 311
583 310
583 309
584 308
585 307
586 307
587 306
588 306
589 305
590 305
591 304
592 303
593 302
594 301
595 300
596 299
597 299
598 299
599 299
600 299
601 299
602 299
603 298
604 298
605 297
606 297
607 296
608 295
609 295
610 294
611 294
612 294
613 294
614 294
615 293
616 293
617 293
618 293
619 292
620 292
621 291
622 291
623 290
624 289
625 288
626 287
627 287
628 286
629 286
630 285
631 285
632 285
633 285
634 284
635 284
636 283
637 283
638 282
639 281
640 280
640 279
641 278
641 277
642 276
642 275
642 274
642 273
642 272
642 271
642 270
643 269
644 268
645 268
646 267
647 267
648 266
649 266
650 266
651 265
652 265
653 264
654 264
655 263
656 263
657 262
658 261
659 260
660 259
660 258
661 257
662 257
663 256
664 257
665 257
666 257
667 257
668 257
669 256
670 256
671 255
672 255
673 254
674 253
675 252
676 251
677 250
677 249
678 248
679 247
680 246
680 245
681 244
681 243
682 242
683 241
683 240
684 239
685 238
685 237
686 236
687 235
688 234
688 233
689 232
689 231
690 230
690 229
691 228
691 227
692 226
692 225
693 224
693 223
693 222
694 221
694 220
694 219
695 218
695 217
696 216
696 215
697 214
697 213
697 212
698 211
698 210
698 209
699 208
699 207
700 206
700 205
701 204
701 203
701 202
701 201
702 200
702 199
702 198
702 197
703 196
703 195
703 194
703 193
703 192
704 191
704 190
704 189
704 188
704 187
705 186
705 185
705 184
705 183
705 182
705 181
704 180
704 179
704 178
704 177
703 176
703 175
703 174
703 173
703 172
702 171
702 170
702 169
701 168
701 167
700 166
700 165
699 164
699 163
698 162
698 161
699 160
700 159
701 158
702 158
703 157
704 157
705 156
706 155
707 155
708 155
709 154
710 154
711 154
712 154
713 154
714 154
715 154
716 154
717 154
718 154
719 154
720 154
721 154
722 153
723 153
724 153
725 152
726 152
727 152
728 152
729 151
730 151
731 151
732 151
733 151
734 151
735 151
736 151
737 150
738 150
739 150
740 150
741 150
742 149
743 149
744 149
745 149
746 149
747 149